0.91209
0.99
0.93
1.0
1.0
0.93992
1.0
0.90098
0.98462
0.9815
0.94623
1.0
0.88961
1.0
0.97748
0.91569
0.90805
1.0
0.99184
0.85861
0.89523
0.95177
0.97698
0.99333
0.99048
1.0
0.92987
1.0
0.99706
0.86115
0.99286
1.0
0.9931
1.0
0.93472
0.93171
1.0
1.0
0.9417
1.0
1.0
1.0
0.88912
1.0
0.93211
0.90888
1.0
0.93757
1.0
0.91444
1.0
0.92657
0.97888
1.0
0.93925
0.99545
0.94545
0.83188
1.0
0.85951
1.0
0.95202
1.0
1.0
0.97994
0.93182
1.0
1.0
1.0
1.0
1.0
1.0
0.92197
1.0
1.0
1.0
0.86746
0.98185
1.0
1.0
1.0
1.0
0.83877
0.78928
0.93646
0.9075
1.0
1.0
1.0
1.0
0.91292
1.0
0.99
1.0
1.0
0.9528
0.99048
1.0
1.0
1.0
1.0
1.0
1.0
1.0
0.88487
0.98182
0.96776
1.0
0.98485
0.98851
1.0
1.0
1.0
0.91299
0.99759
1.0
1.0
1.0
0.97812
1.0
1.0
0.95925
1.0
0.80555
0.90988
1.0
0.99615
1.0
1.0
1.0
0.97182
0.99415
0.83624
0.91884
1.0
1.0
0.90908
0.95607
0.84773
1.0
1.0
0.86556
0.975
0.78236
1.0
1.0
1.0
1.0
1.0
1.0
0.92512
1.0
1.0
0.9812
0.93337
1.0
0.97436
1.0
1.0
0.99433
1.0
0.98066
1.0
0.96134
1.0
0.8945
1.0
0.86703
1.0
0.88383
0.96956
0.98718
1.0
1.0
0.99
1.0
1.0
1.0
0.92055
1.0
1.0
0.91773
1.0
0.9905
0.8925
1.0
1.0
0.98818
1.0
1.0
0.92997
0.91214
1.0
0.96046
0.8
1.0
0.98281
0.93454
1.0
0.99091
1.0
0.99167
1.0
0.91453
0.88591
1.0
1.0
0.93896
1.0
1.0
1.0
0.97092
0.8609
0.90183
1.0
1.0
0.94813
1.0
1.0
1.0
1.0
0.95717
0.99187
0.96761
1.0
0.89581
1.0
0.89836
0.93418
0.87958
0.93932
0.98037
0.88976
0.9124
0.91308
0.99583
0.90689
0.94026
0.91614
1.0
0.99474
1.0
0.95887
0.95739
1.0
0.98194
1.0
0.98679
1.0
1.0
1.0
0.98724
1.0
0.97945
0.9359
1.0
0.97235
1.0
1.0
1.0
1.0
1.0
0.9875
1.0
1.0
0.98889
0.95718
0.85192
0.91136
0.8108
1.0
0.94462
0.89526
0.95014
0.94319
1.0
1.0
1.0
0.97961
0.90399
0.89885
0.96576
0.92729
0.98954
1.0
0.8988
0.99487
1.0
0.90185
0.98456
1.0
0.91659
1.0
0.95217
0.98377
1.0
0.92122
0.9012
1.0
1.0
0.96909
0.94246
0.89932
0.88806
1.0
1.0
1.0
0.99695
1.0
0.92984
0.95663
1.0
1.0
0.93556
0.88048
0.98685
0.98261
0.94561
1.0
1.0
1.0
0.99836
0.86671
1.0
0.90043
0.83252
1.0
0.93111
0.9932
1.0
0.90435
0.85489
1.0
0.96129
0.99768
0.9452
0.97845
0.92756
1.0
1.0
0.90833
0.89692
0.94561
1.0
1.0
0.8898
1.0
1.0
1.0
0.9409
1.0
1.0
0.96644
1.0
1.0
1.0
1.0
1.0
0.95927
0.88989
1.0
0.90016
0.99197
1.0
1.0
0.99502
1.0
0.86746
0.93481
1.0
1.0
1.0
0.889
0.9354
1.0
1.0
0.9913
1.0
0.97708
0.91358
1.0
0.86602
1.0
1.0
1.0
0.85043
1.0
1.0
1.0
0.92807
1.0
1.0
0.88983
0.86032
0.99524
0.97707
1.0
0.8555
0.88502
1.0
0.99111
0.82226
0.9335
0.93512
0.93184
1.0
0.93614
0.83067
0.91186
1.0
0.93393
1.0
0.90067
1.0
0.91769
0.92853
0.99195
0.95195
1.0
0.98462
0.98889
0.99057
1.0
1.0
0.95366
1.0
0.9973
0.93568
1.0
0.95588
0.95541
0.93039
0.90309
1.0
0.92124
0.96112
0.94314
0.88085
0.99231
1.0
1.0
1.0
0.99841
0.97308
1.0
1.0
1.0
0.91308
1.0
0.90237
0.8253
1.0
1.0
0.86825
1.0
0.85009
1.0
0.95888
1.0
1.0
0.93072
1.0
0.9337
1.0
1.0
1.0
0.96255
0.95917
0.90282
0.8807
0.97845
1.0
0.91617
1.0
0.98
1.0
1.0
0.98889
0.9801
0.90017
1.0
1.0
1.0
1.0
0.89721
1.0
1.0
1.0
0.90509
0.82141
1.0
0.97894
1.0
1.0
0.91152
0.99121
1.0
1.0
1.0
1.0
1.0
1.0
0.85323
0.89812
0.90597
0.97258
0.90602
0.8921
0.93219
1.0
1.0
0.94083
1.0
1.0
1.0
1.0
1.0
1.0
1.0
1.0
1.0
1.0
0.96324
0.80529
0.90953
1.0
0.95714
0.9258
1.0
0.96055
1.0
0.95944
1.0
1.0
1.0
1.0
1.0
0.88575
0.98089
1.0
0.93741
1.0
0.90644
0.92641
0.96444
0.92946
0.98032
0.95913
0.98454
1.0
1.0
1.0
1.0
0.98657
1.0
1.0
1.0
0.82932
0.94502
0.985
1.0
1.0
0.98824
0.9011
0.9572
0.99123
0.97897
0.90252
1.0
0.90554
0.93007
0.83487
0.8788
0.96823
1.0
0.93261
0.93141
0.98221
1.0
0.99765
1.0
1.0
0.95162
1.0
0.99333
1.0
1.0
1.0
0.86487
0.97143
0.98333
1.0
1.0
1.0
1.0
0.98857
0.85356
0.97632
0.95879
0.93533
0.99452
1.0
0.99498
1.0
0.93337
0.97088
0.99512
0.89633
0.91986
1.0
1.0
0.99412
0.98052
0.84013
0.91417
0.90217
0.94133
0.8838
0.93636
0.94592
1.0
0.90278
1.0
0.98095
1.0
1.0
0.99
1.0
0.9875
0.98269
1.0
0.97867
1.0
1.0
1.0
1.0
0.98903
1.0
0.90231
0.98649
0.98728
0.996
0.9634
0.96226
0.93973
0.96234
0.98223
0.9587
0.9356
0.82277
0.93487
0.84203
0.96542
1.0
0.93115
0.9182
0.8589
1.0
1.0
0.92533
0.98055
1.0
1.0
0.97567
0.91663
0.91024
1.0
0.87694
1.0
0.94736
0.66667
1.0
1.0
1.0
1.0
0.99333
0.84095
0.98698
1.0
0.97778
0.82427
1.0
0.92582
1.0
0.84729
1.0
1.0
1.0
0.81481
1.0
0.92244
0.83983
1.0
0.99167
0.98414
0.9759
0.83795
1.0
0.96738
0.96109
0.94195
0.91578
0.82367
1.0
0.96508
0.94016
1.0
1.0
1.0
0.94674
1.0
1.0
1.0
0.99322
1.0
0.99459
1.0
0.96711
1.0
0.96152
1.0
1.0
1.0
1.0
0.90389
1.0
1.0
1.0
0.98293
0.95006
1.0
1.0
1.0
1.0
0.87518
0.98664
1.0
0.89972
0.98571
0.98431
1.0
0.92481
0.87933
0.80634
0.87272
0.86698
0.83199
1.0
0.99231
0.91948
0.93759
0.84241
0.85143
0.86953
0.92965
0.9978
0.87348
1.0
1.0
1.0
1.0
0.91547
0.99535
0.9281
1.0
1.0
0.97723
0.99412
0.9345
0.94798
0.99714
1.0
0.91319
0.91424
0.91669
0.93979
1.0
0.93827
1.0
0.97273
0.92714
0.92705
0.97945
0.93813
0.95297
1.0
1.0
0.91408
1.0
0.90514
0.92197
1.0
0.89398
0.91979
1.0
1.0
1.0
1.0
0.99459
1.0
0.84616
0.91048
0.94344
1.0
0.96004
0.96599
1.0
1.0
0.97333
1.0
0.98889
0.99672
0.94105
0.85993
1.0
0.97382
1.0
1.0
0.91749
0.99459
1.0
1.0
0.98947
1.0
1.0
1.0
1.0
1.0
0.91169
0.97902
0.88278
0.9699
0.9432
1.0
1.0
0.86452
0.97942
1.0
1.0
1.0
1.0
0.94581
0.99412
1.0
0.93438
0.93147
1.0
1.0
0.93231
1.0
0.90455
1.0
1.0
0.89032
0.92121
0.98201
0.94078
0.89799
0.93061
1.0
0.98463
0.903
1.0
1.0
1.0
0.89144
0.92688
1.0
1.0
0.91169
0.99459
0.99792
1.0
1.0
0.90821
1.0
0.98198
0.86395
0.90982
1.0
0.94699
1.0
1.0
0.96719
0.85971
0.73419
0.97834
1.0
1.0
0.88776
0.87895
1.0
1.0
0.94684
0.90314
0.89864
1.0
0.94798
1.0
0.85088
1.0
0.90003
1.0
0.98
0.88895
0.84362
0.91553
0.96022
1.0
0.87518
1.0
0.99479
0.97752
1.0
0.90933
0.96373
0.93249
1.0
0.97594
0.99412
1.0
0.83111
0.92661
1.0
0.9882
1.0
1.0
1.0
0.9835
0.81385
1.0
1.0
0.89171
0.97655
1.0
1.0
0.97746
1.0
1.0
1.0
0.98829
1.0
0.9945
1.0
0.96215
1.0
1.0
1.0
1.0
0.79294
1.0
1.0
0.96199
0.88168
0.96721
1.0
1.0
1.0
1.0
0.96784
1.0
0.99027
0.90789
1.0
1.0
0.92717
0.97029
1.0
1.0
1.0
1.0
1.0
1.0
1.0
1.0
1.0
0.90872
0.92606
0.89793
1.0
0.96541
1.0
0.9475
0.91706
0.92928
0.94884
1.0
0.93511
0.93927
1.0
0.96976
1.0
1.0
0.98889
0.94365
1.0
1.0
1.0
1.0
0.92418
0.83004
1.0
1.0
1.0
0.90899
1.0
1.0
1.0
0.95782
0.97186
0.9206
1.0
0.86154
1.0
0.95398
0.94781
0.93562
0.93029
0.99667
0.92638
1.0
1.0
1.0
0.94462
0.90815
0.99858
0.99011
0.96227
0.85945
0.94369
0.87625
0.86826
0.96947
0.93861
0.91488
0.99283
1.0
0.83413
1.0
0.92816
1.0
0.9581
0.9931
0.83704
1.0
0.92644
0.98
0.871
1.0
0.9671
1.0
0.94176
1.0
1.0
0.86743
1.0
0.93371
0.87916
0.99169
0.94095
0.95646
0.85175
0.96608
0.82634
1.0
0.96472
0.99773
0.89378
1.0
0.85062
0.9854
1.0
0.99375
1.0
1.0
0.87526
0.92642
1.0
1.0
1.0
1.0
0.97388
1.0
0.99247
1.0
1.0
0.91947
0.93875
0.95402
0.91507
0.98667
1.0
1.0
0.91078
1.0
1.0
1.0
1.0
0.91341
0.96713
1.0
0.96107
1.0
1.0
0.93604
0.98667
1.0
1.0
0.99048
0.99259
0.9
0.9318
1.0
1.0
0.94617
1.0
0.84883
0.92963
1.0
1.0
1.0
1.0
1.0
0.97003
0.95159
0.98774
0.84584
0.94451
0.89978
0.99556
1.0
0.88424
0.92489
0.90768
0.99583
1.0
0.7931
0.97689
0.98758
0.98571
0.97662
0.95801
0.85875
0.835
0.96253
1.0
0.97808
0.91417
0.93167
1.0
1.0
0.86027
0.97778
0.95135
1.0
0.97081
1.0
1.0
1.0
1.0
0.92157
1.0
1.0
1.0
1.0
0.94294
0.92649
0.97274
1.0
0.93231
1.0
1.0
1.0
1.0
0.91845
0.93839
1.0
1.0
0.97915
0.96823
0.89533
1.0
0.93998
0.9274
0.99487
1.0
0.97175
1.0
1.0
0.90785
0.83078
0.83644
0.94876
0.86255
0.96913
1.0
1.0
1.0
1.0
1.0
0.87831
0.84133
0.92771
1.0
0.97778
0.9103
1.0
0.75794
0.94124
0.89946
0.91174
0.95141
1.0
0.95221
0.87231
1.0
1.0
1.0
1.0
0.91672
0.98413
1.0
0.97594
0.98933
1.0
0.92556
0.93461
0.91349
0.91991
0.95974
0.96982
1.0
0.95019
1.0
0.94292
0.97271
0.97726
1.0
1.0
0.99645
1.0
0.93999
0.93901
0.97057
1.0
0.99115
0.90117
1.0
1.0
0.97265
0.99753
0.97154
0.9639
0.91277
0.98874
0.93201
0.92691
1.0
0.99212
0.97065
0.92873
0.84068
1.0
1.0
1.0
0.97616
0.94364
0.97507
1.0
0.92083
1.0
1.0
0.98917
0.98947
0.9913
0.9955
1.0
1.0
1.0
0.92278
0.92723
0.89944
0.90171
0.91035
0.98846
0.84136
0.94425
0.91499
1.0
0.8253
1.0
0.93168
0.95093
0.94457
1.0
0.94394
1.0
1.0
1.0
0.92741
1.0
1.0
0.91825
1.0
1.0
1.0
0.99257
1.0
1.0
1.0
1.0
0.92769
1.0
1.0
1.0
1.0
1.0
0.9244
1.0
0.91944
1.0
1.0
1.0
1.0
1.0
1.0
0.95556
1.0
0.99813
1.0
0.99636
0.91909
1.0
0.87304
0.89755
1.0
1.0
1.0
1.0
1.0
1.0
0.99259
1.0
1.0
0.93003
0.91278
0.90412
0.99697
0.9348
0.95919
1.0
1.0
0.90638
0.97119
0.95809
0.90729
0.8548
0.97102
0.88597
0.95711
0.98333
1.0
0.88664
1.0
0.96187
1.0
1.0
0.87509
0.85677
0.99153
0.99375
1.0
1.0
0.96894
1.0
1.0
1.0
0.96815
0.84831
1.0
0.87053
1.0
1.0
1.0
0.93461
1.0
1.0
1.0
0.97921
0.98571
0.93991
1.0
0.99773
0.98459
1.0
0.92148
1.0
0.90505
0.95803
0.99312
1.0
0.92338
0.96247
0.91576
0.92952
1.0
1.0
0.99297
0.83759
0.94609
0.88042
0.98857
0.95757
0.98851
1.0
0.77364
0.84101
0.95677
0.93187
1.0
0.93538
1.0
0.90862
0.8835
0.9298
0.92133
0.94292
1.0
0.95329
0.99383
1.0
0.95717
1.0
0.99591
0.94548
0.92217
0.85186
1.0
0.94926
1.0
1.0
0.92584
0.9296
1.0
1.0
0.91323
0.8462
0.92262
1.0
1.0
0.97885
0.85725
1.0
0.86269
0.94504
1.0
1.0
0.99273
0.9853
1.0
0.94574
0.97497
0.92534
0.9708
1.0
1.0
0.91968
0.97115
1.0
0.91753
0.97003
0.94101
1.0
1.0
1.0
1.0
1.0
0.91941
0.9935
1.0
0.98571
1.0
0.90415
0.96384
0.96554
0.92669
1.0
0.96854
1.0
1.0
1.0
0.96283
1.0
1.0
1.0
0.99441
1.0
1.0
0.91481
1.0
0.92883
0.91134
0.96947
0.94476
0.91524
0.89265
0.79567
1.0
1.0
0.99196
1.0
1.0
1.0
0.97917
0.88983
0.98244
1.0
0.9606
1.0
1.0
1.0
0.94873
0.99623
0.9308
0.98182
0.83461
1.0
1.0
0.97947
0.929
0.93981
0.91906
0.874
0.91129
1.0
0.8292
0.95074
0.85131
1.0
1.0
1.0
0.86054
0.96113
1.0
1.0
1.0
1.0
0.99615
1.0
1.0
1.0
0.90211
1.0
0.86442
0.95957
1.0
0.95699
0.9232
0.93373
0.9942
0.93685
1.0
0.92041
0.81924
0.91387
0.9848
1.0
0.92811
1.0
0.97667
0.9017
0.91963
0.99775
1.0
0.95938
1.0
1.0
0.9198
0.98532
0.86402
0.93948
0.89878
0.84127
0.91227
1.0
0.95885
0.95947
1.0
0.95292
1.0
1.0
1.0
1.0
1.0
0.992
0.92157
0.9087
0.9239
1.0
1.0
0.843
0.91429
0.97931
0.88577
0.91167
0.93868
0.91
1.0
0.88273
0.79416
1.0
0.89505
1.0
0.9034
0.86325
0.95562
0.9265
0.92832
1.0
1.0
0.96794
1.0
0.98277
1.0
1.0
1.0
1.0
1.0
1.0
1.0
0.94639
1.0
1.0
1.0
0.95408
1.0
0.99012
0.86138
1.0
0.94596
0.90283
1.0
0.81019
0.9315
0.95471
1.0
0.91545
0.92539
1.0
0.95329
1.0
0.95325
0.96781
1.0
0.8928
1.0
0.9265
1.0
1.0
1.0
1.0
1.0
0.90978
0.96549
0.91793
1.0
0.99706
0.91341
0.94115
0.97247
0.97508
0.97692
1.0
1.0
0.97898
1.0
0.91804
1.0
0.94024
0.92645
0.87763
1.0
1.0
0.91512
0.93329
0.94623
0.91111
0.97328
1.0
1.0
0.9361
1.0
1.0
1.0
0.93017
0.98462
0.88391
0.99789
0.83163
0.8872
1.0
1.0
0.93406
0.95236
0.94375
0.91674
0.94827
0.97288
1.0
1.0
1.0
1.0
1.0
1.0
0.95263
1.0
0.95915
1.0
1.0
0.97122
0.99196
1.0
1.0
1.0
1.0
1.0
0.93756
0.98626
0.93454
0.91057
0.92365
0.93453
1.0
0.87811
0.83828
0.99532
0.94315
0.92645
1.0
1.0
1.0
0.90256
0.98091
0.98824
0.99775
0.96314
1.0
0.94828
0.93894
1.0
1.0
1.0
1.0
1.0
1.0
0.99298
0.90153
1.0
1.0
1.0
0.97286
1.0
0.96381
0.95339
1.0
0.8245
1.0
1.0
0.94752
0.89587
0.90503
0.96936
0.97908
1.0
0.89176
0.84738
0.92897
0.90201
0.81755
0.91731
0.87495
0.8505
0.8904
0.96974
0.99093
1.0
1.0
1.0
1.0
1.0
1.0
0.85848
0.98545
0.95159
0.96305
0.98135
1.0
0.91413
0.8562
1.0
0.91498
0.93903
1.0
0.98731
1.0
0.84458
1.0
1.0
1.0
0.94019
1.0
0.96269
0.98852
1.0
0.98573
0.9163
1.0
0.98977
0.99701
0.94228
0.99312
0.97464
0.92677
0.89101
0.99683
0.94573
1.0
0.99231
0.98139
0.91372
1.0
1.0
1.0
0.89233
0.98048
0.89082
1.0
0.96688
1.0
0.9964
0.87916
0.79325
0.90667
0.93904
0.92731
1.0
1.0
0.80996
1.0
1.0
0.95292
0.9054
0.91887
0.93932
0.97407
0.92707
0.90497
1.0
0.98487
0.96928
0.962
0.93481
0.91488
0.9446
0.98431
0.97236
1.0
1.0
0.92451
1.0
1.0
0.98182
0.85103
0.8984
1.0
0.95039
1.0
0.93897
1.0
1.0
1.0
0.9298
1.0
0.99583
0.94319
0.98147
0.99429
0.82882
0.93853
0.9875
1.0
0.97186
1.0
0.9237
1.0
0.9951
1.0
1.0
1.0
1.0
1.0
0.79727
0.89929
1.0
1.0
0.8955
1.0
1.0
0.92688
1.0
1.0
0.93616
1.0
0.98333
0.96703
0.97706
0.84897
0.99532
0.99701
0.98084
1.0
1.0
0.99568
1.0
0.99655
1.0
1.0
0.97631
0.80746
1.0
0.93896
1.0
1.0
0.91119
0.90057
0.94051
0.87044
0.88155
1.0
0.91512
0.93266
0.8308
0.92518
0.82381
0.91865
1.0
0.98152
1.0
1.0
1.0
0.98686
0.96706
0.94874
1.0
1.0
0.95795
0.96102
1.0
1.0
1.0
0.97611
1.0
1.0
1.0
1.0
0.9607
1.0
0.91684
1.0
1.0
0.86977
0.93301
1.0
1.0
0.98213
0.95518
1.0
1.0
0.95396
0.83326
0.80963
1.0
0.91675
0.9635
0.92655
0.98043
1.0
0.86693
1.0
1.0
0.89145
0.95527
1.0
0.99753
1.0
1.0
0.87318
1.0
0.91772
0.92157
0.90464
1.0
0.89444
1.0
0.96965
0.84921
1.0
0.87292
0.97531
0.96148
0.9696
0.90273
0.97561
0.97174
0.99333
1.0
1.0
0.95436
0.96113
0.929
0.95104
0.90078
0.92451
0.92958
0.95135
0.92056
1.0
0.88842
0.99614
1.0
0.91955
0.9516
0.91315
0.97296
1.0
0.91694
0.91593
1.0
0.91091
0.93636
0.998
1.0
0.98258
1.0
1.0
0.89855
1.0
1.0
1.0
0.95281
1.0
1.0
0.87151
0.95867
0.95662
0.98333
1.0
0.99512
1.0
1.0
1.0
1.0
0.90482
1.0
0.84847
0.92441
1.0
0.99687
0.90848
1.0
0.98
1.0
1.0
0.96017
1.0
1.0
1.0
1.0
1.0
1.0
0.94473
0.9106
0.98947
1.0
1.0
0.99268
1.0
0.92095
1.0
1.0
0.93344
1.0
0.89437
1.0
0.95676
1.0
0.96213
1.0
0.86983
0.91239
1.0
1.0
0.99073
1.0
1.0
0.90559
1.0
1.0
0.88024
0.92742
1.0
1.0
0.88816
1.0
0.94892
1.0
1.0
1.0
0.93312
1.0
1.0
1.0
0.97883
1.0
0.98485
0.99167
0.98432
0.94004
0.92226
1.0
0.95951
0.97991
1.0
1.0
0.95096
1.0
0.92055
0.86417
1.0
1.0
1.0
0.96385
0.91584
0.96918
1.0
0.94293
0.94861
0.91054
0.91709
1.0
1.0
0.97519
1.0
1.0
0.95495
1.0
1.0
1.0
0.83548
0.92835
1.0
0.97034
1.0
1.0
0.97556
0.99208
1.0
0.85821
1.0
1.0
0.992
0.98013
0.85082
0.88474
1.0
1.0
0.92498
0.92525
0.85487
1.0
1.0
1.0
0.93705
1.0
0.95444
0.97836
0.996
1.0
1.0
0.89893
0.91112
0.85322
0.9875
0.90879
0.96988
0.9509
0.9756
0.94064
0.96527
0.97501
1.0
1.0
0.83533
0.9871
1.0
1.0
1.0
1.0
0.94833
1.0
1.0
0.94644
1.0
0.96217
1.0
1.0
1.0
1.0
1.0
0.99359
0.91804
1.0
1.0
0.97653
0.95901
0.96675
0.95379
0.89221
0.95513
0.84367
0.96784
0.94775
0.95515
0.99355
1.0
1.0
0.91536
0.94821
0.86125
1.0
0.8539
1.0
1.0
1.0
0.78
0.92022
0.91086
1.0
0.94728
0.98889
0.98432
1.0
0.93351
0.95547
0.91024
0.9318
0.93039
0.90813
1.0
0.9364
1.0
0.9478
0.92737
1.0
0.91474
0.98403
0.84734
0.98106
0.92949
0.96031
1.0
0.95209
0.99394
1.0
0.9702
0.99565
0.91682
0.98393
1.0
0.93535
1.0
0.90216
1.0
1.0
1.0
0.9835
0.97975
0.83385
0.95483
0.9709
1.0
1.0
1.0
0.93975
1.0
1.0
0.95415
1.0
0.98059
0.97865
0.92946
1.0
0.92394
0.90848
0.91907
0.96538
0.99701
0.99121
0.99251
1.0
1.0
1.0
1.0
1.0
1.0
1.0
0.90455
0.94244
1.0
0.91978
0.99438
1.0
1.0
0.93305
0.93105
1.0
0.83679
0.95619
1.0
1.0
1.0
0.92948
1.0
1.0
0.99286
0.96708
0.97257
0.85143
0.99643
0.88036
0.91946
0.90003
1.0
0.99524
0.88489
0.81671
1.0
0.82243
1.0
0.98519
0.93169
0.79285
0.90278
1.0
0.98858
0.85588
1.0
1.0
0.92482
0.92399
1.0
0.92934
0.96991
1.0
1.0
0.98889
1.0
0.99529
1.0
1.0
1.0
1.0
1.0
1.0
0.96062
1.0
0.92336
1.0
0.95089
1.0
0.88895
1.0
0.89386
0.86882
0.99519
0.94946
0.91712
0.95081
0.98703
0.89249
1.0
1.0
0.8237
1.0
0.93439
0.98657
1.0
1.0
0.97081
1.0
