0.66111
0.54444
0.59788
0.52778
0.47778
0.69095
0.51455
0.55344
0.86296
0.42063
0.46779
0.52778
0.59074
0.42593
0.29894
0.42063
0.5037
0.72155
0.51455
0.68889
0.84211
0.48889
0.38596
0.0
0.53704
0.44771
0.6164
0.59722
0.53069
0.66667
0.58333
0.48148
0.50741
0.43421
0.45556
0.64502
0.57479
0.46667
0.59064
0.61508
0.46508
0.68889
0.62652
0.54074
0.0
0.44444
0.62037
0.4537
0.59343
0.76
0.36667
0.32857
0.43333
0.47778
0.60556
0.68333
0.64444
0.60556
0.36111
0.65628
0.60476
0.60598
0.58333
0.6119
0.56111
0.68333
0.61852
0.56667
0.47475
0.61111
0.46581
0.51111
0.52222
0.67196
0.48413
0.47222
0.64502
0.71349
0.46581
0.44722
0.61905
0.46032
0.49206
0.47619
0.42564
0.43889
0.57582
0.54444
0.45556
0.34444
0.42889
0.48148
0.33509
0.60684
0.44231
0.57304
0.63333
0.61742
0.58333
0.57582
0.53571
0.50833
0.53723
0.54444
0.49573
0.47475
0.49048
0.53922
0.442
0.60317
0.61923
0.55556
0.55556
0.42222
0.5
0.60556
0.54226
0.47222
0.56746
0.60321
0.32222
0.55065
0.61508
0.42564
0.47222
0.41961
0.68532
0.54762
0.48105
0.31944
0.54286
0.51852
0.55065
0.60476
0.69048
0.58333
0.60714
0.60893
0.55556
0.5125
0.7375
0.61111
0.51587
0.58333
0.52778
0.46429
0.7096
0.0
0.75661
0.0
0.52778
0.35185
0.64444
0.48148
0.45556
0.48889
0.46429
0.69697
0.62037
0.61667
0.60317
0.57464
0.52222
0.4798
0.56272
0.54444
0.4877
0.51768
0.59248
0.36232
0.44949
0.47585
0.4808
0.49683
0.58454
0.58835
0.57723
0.57302
0.65556
0.47222
0.59735
0.33838
0.61688
0.41126
0.35556
0.42564
0.43813
0.48889
0.56169
0.41667
0.51795
0.41667
0.48413
0.33838
0.61026
0.56746
0.55952
0.51818
0.48889
0.55
0.83333
0.67847
0.74062
0.44152
0.44771
0.46832
0.59248
0.59248
0.48684
0.65702
0.5
0.38596
0.36842
0.55263
0.60577
0.66715
0.66701
0.55556
0.56272
0.53333
0.57843
0.58333
0.66587
0.6119
0.60476
0.41111
0.6164
0.56746
0.64502
0.67265
0.47778
0.59583
0.58987
0.44017
0.56759
0.57917
0.57222
0.65641
0.67222
0.43175
0.50714
0.64185
0.44955
0.47485
0.41111
0.6544
0.62778
0.61111
0.5663
0.56111
0.51389
0.58413
0.58596
0.56111
0.59524
0.5
0.54039
0.68532
0.42732
0.60868
0.43651
0.55556
0.65278
0.43627
0.49573
0.46032
0.50637
0.54365
0.47222
0.5
0.44771
0.45556
0.53704
0.47222
0.52222
0.51065
0.64365
0.59398
0.5424
0.4359
0.33333
0.39394
0.66164
0.42564
0.33333
0.6164
0.52738
0.53333
0.4798
0.55714
0.5
0.42778
0.57479
0.56061
0.62929
0.55
0.48918
0.66587
0.54304
0.48232
0.57738
0.47222
0.59542
0.5037
0.64444
0.47222
0.56169
0.56061
0.53704
0.56111
0.48889
0.44444
0.52222
0.45139
0.41587
0.60321
0.5663
0.60868
0.64248
0.51944
0.46581
0.64444
0.61481
0.35185
0.0
0.43704
0.44722
0.38889
0.55311
0.5101
0.36667
0.50505
0.48889
0.55128
0.4537
0.49048
0.36061
0.52424
0.42778
0.41919
0.60317
0.84511
0.64286
0.86833
0.45556
0.34444
0.60893
0.59722
0.50588
0.46296
0.44771
0.51984
0.55556
0.53472
0.6756
0.5951
0.45139
0.53075
0.33922
0.54921
0.67222
0.60556
0.76667
0.59405
0.61587
0.42083
0.64167
0.79853
0.54286
0.62381
0.69048
0.60847
0.45238
0.67063
0.71726
0.57302
0.57937
0.70214
0.65278
0.54762
0.44048
0.63788
0.54167
0.52222
0.57222
0.44444
0.41389
0.72917
0.41799
0.59722
0.49573
0.45139
0.52381
0.55
0.79778
0.30112
0.47302
0.49145
0.47009
0.40605
0.53069
0.57937
0.58333
0.32222
0.52381
0.47778
0.58611
0.53333
0.42732
0.34167
0.59127
0.48889
0.53704
0.47222
0.47485
0.62637
0.5463
0.73677
0.32222
0.6028
0.83333
0.6
0.63333
0.46667
0.45556
0.44444
0.0
0.48333
0.52381
0.75
0.0
0.4
0.55556
0.0
0.58889
0.49206
0.45556
0.51111
0.57778
0.55
0.4127
0.475
0.33916
0.57681
0.45556
0.47953
0.51313
0.41053
0.56746
0.63216
0.49074
0.59557
0.63297
0.52222
0.61923
0.41176
0.4127
0.5127
0.59885
0.68223
0.52143
0.0
0.4729
0.67222
0.54365
0.46296
0.64643
0.64048
0.53175
0.46199
0.66667
0.53333
0.53519
0.71667
0.53333
0.54762
0.53333
0.66667
0.59064
0.45
0.5
0.48333
0.48333
0.46667
0.0
0.56508
0.64286
0.61111
0.5619
0.54722
0.6
0.0
0.0
0.52778
0.61508
0.39524
0.46429
0.54722
0.64286
0.48333
0.54762
0.5424
0.63021
0.55
0.56085
0.77778
0.62903
0.53333
0.3254
0.31319
0.56154
0.69444
0.5119
0.54167
0.39484
0.46508
0.66595
0.69315
0.58684
0.62222
0.46471
0.56667
0.43889
0.62381
0.53968
0.47222
0.57607
0.66019
0.51515
0.52937
0.64141
0.46768
0.0
0.59127
0.59803
0.54722
0.43434
0.54444
0.46032
0.0
0.64583
0.52749
0.61111
0.47619
0.57407
0.0
0.43254
0.48322
0.3303
0.52381
0.5406
0.43056
0.52222
0.61618
0.40675
0.54701
0.6463
0.2963
0.64722
0.5
0.45833
0.51852
0.46366
0.49206
0.57914
0.50505
0.51944
0.53922
0.55833
0.0
0.42337
0.63571
0.47778
0.63645
0.59405
0.54286
0.49008
0.73737
0.5881
0.56939
0.48232
0.50926
0.44017
0.68975
0.55
0.56548
0.61364
0.52778
0.0
0.50833
0.51667
0.60617
0.61389
0.56169
0.49415
0.0
0.57222
0.48704
0.6
0.51923
0.61768
0.68133
0.55541
0.56534
0.63226
0.62465
0.66758
0.60492
0.62621
0.62936
0.60592
0.59249
0.61128
0.65441
0.69596
0.47778
0.56477
0.71799
0.56494
0.62834
0.5279
0.66792
0.57551
0.58475
0.52298
0.46905
0.61836
0.5739
0.54667
0.61064
0.56667
0.54242
0.47677
0.58868
0.55226
0.65234
0.49087
0.54103
0.57236
0.62342
0.49822
0.54679
0.66918
0.61142
0.6102
0.6339
0.5407
0.57909
0.57521
0.57864
0.59921
0.58523
0.63699
0.54217
0.67913
0.64466
0.58457
0.49622
0.57689
0.56598
0.67512
0.6105
0.75732
0.55673
0.65794
0.69121
0.57305
0.52984
0.4709
0.59596
0.60626
0.56883
0.50922
0.68619
0.55812
0.61514
0.64518
0.60443
0.54176
0.62315
0.56809
0.5811
0.65402
0.65518
0.69048
0.57222
0.68398
0.54103
0.68694
0.5848
0.60608
0.58371
0.56665
0.57331
0.6618
0.5587
0.63173
0.6254
0.64823
0.62018
0.55977
0.63501
0.6659
0.61153
0.4511
0.55699
0.65842
0.47186
0.64012
0.61645
0.60635
0.63434
0.61626
0.60317
0.6036
0.60913
0.5866
0.64308
0.59782
0.37847
0.64743
0.61156
0.58013
0.59099
0.48754
0.65439
0.63179
0.6817
0.58795
0.5294
0.63838
0.60673
0.5424
0.5896
0.72938
0.54281
0.64541
0.56505
0.59663
0.63072
0.60262
0.42222
0.60409
0.55159
0.69804
0.59173
0.582
0.49447
0.60694
0.69813
0.62937
0.45437
0.64987
0.68393
0.61161
0.59913
0.52911
0.53561
0.59459
0.64305
0.54114
0.59243
0.52979
0.58371
0.55031
0.52992
0.44562
0.58718
0.60733
0.66362
0.67282
0.5087
0.5369
0.6713
0.56319
0.57537
0.80625
0.66197
0.6575
0.55757
0.68674
0.62714
0.48803
0.58406
0.65207
0.47354
0.58926
0.67904
0.62731
0.65296
0.5542
0.69609
0.47129
0.63037
0.55686
0.63222
0.62643
0.62085
0.55961
0.59382
0.6212
0.69403
0.52189
0.6297
0.59115
0.63004
0.65358
0.54184
0.52756
0.56014
0.54212
0.58974
0.54815
0.59978
0.57991
0.67783
0.51101
0.57407
0.6131
0.64265
0.61144
0.56376
0.59054
0.5194
0.63395
0.57263
0.54365
0.58855
0.4319
0.60387
0.62064
0.48972
0.54577
0.66158
0.68882
0.6319
0.53179
0.62327
0.7342
0.46032
0.5386
0.56019
0.63176
0.67677
0.58407
0.62198
0.56962
0.49308
0.61214
0.69413
0.63751
0.61392
0.65859
0.5886
0.58754
0.5985
0.56436
0.61818
0.60312
0.52499
0.51338
0.5364
0.68107
0.57519
0.5559
0.66108
0.60774
0.60307
0.65277
0.45288
0.60819
0.57284
0.62223
0.55413
0.5365
0.69385
0.58667
0.64681
0.52509
0.59919
0.58592
0.55
0.51489
0.59058
0.62329
0.65031
0.63947
0.55932
0.61675
0.5404
0.67232
0.50363
0.61797
0.58555
0.58617
0.63826
0.52991
0.61851
0.51888
0.46509
0.51303
0.58387
0.59722
0.56275
0.66527
0.56964
0.53629
0.61667
0.6493
0.5858
0.65669
0.57043
0.58547
0.62747
0.51761
0.66392
0.54307
0.71573
0.66496
0.57724
0.59973
0.58027
0.56804
0.64627
0.58397
0.62527
0.53631
0.62415
0.47035
0.60203
0.56627
0.56393
0.63933
0.58495
0.5554
0.69335
0.47602
0.57299
0.60682
0.61195
0.5131
0.67493
0.59827
0.58375
0.60338
0.62621
0.63338
0.62343
0.60806
0.64519
0.62843
0.58523
0.51772
0.59791
0.60419
0.5788
0.50722
0.56569
0.60822
0.46025
0.5289
0.59709
0.55742
0.68028
0.63497
0.57343
0.58608
0.48737
0.65458
0.62386
0.57222
0.5869
0.68264
0.63434
0.69872
0.59259
0.49982
0.67833
0.60795
0.65714
0.56004
0.5959
0.52744
0.4596
0.60469
0.56917
0.69587
0.58434
0.56186
0.63062
0.57104
0.61464
0.61792
0.53997
0.69021
0.5121
0.0
0.52859
0.53702
0.70101
0.64057
0.56132
0.58164
0.73494
0.55435
0.67479
0.53307
0.52234
0.59472
0.56111
0.54641
0.52612
0.51275
0.6373
0.67348
0.55159
0.65169
0.5192
0.62536
0.61866
0.58384
0.68918
0.66084
0.57727
0.70159
0.69078
0.59673
0.43767
0.56559
0.58682
0.6099
0.59912
0.59148
0.5642
0.60795
0.70748
0.62975
0.57284
0.65033
0.56571
0.5878
0.67327
0.59925
0.83669
0.68877
0.58834
0.55656
0.64222
0.67939
0.57009
0.68701
0.68808
0.61072
0.71366
0.64971
0.58105
0.63872
0.6632
0.62852
0.64429
0.50888
0.67215
0.54355
0.56054
0.54548
0.71711
0.47071
0.53315
0.59049
0.65051
0.6031
0.60995
0.60926
0.58214
0.569
0.50473
0.56919
0.60909
0.51307
0.54045
0.68817
0.53354
0.62885
0.53953
0.60429
0.66299
0.65769
0.60356
0.59813
0.63708
0.56931
0.64315
0.52284
0.59751
0.64237
0.47704
0.54197
0.58545
0.61085
0.5457
0.6188
0.49209
0.5644
0.69727
0.65882
0.502
0.52383
0.63848
0.59539
0.54174
0.55289
0.58032
0.58533
0.58645
0.62472
0.60471
0.65834
0.52599
0.65489
0.54329
0.55532
0.44438
0.58816
0.56693
0.63398
0.59532
0.57548
0.66444
0.57817
0.54611
0.51695
0.58656
0.62607
0.54613
0.53563
0.59921
0.56454
0.62845
0.6665
0.65178
0.64435
0.45917
0.53853
0.57501
0.62407
0.55996
0.47185
0.65593
0.53014
0.64388
0.55483
0.61767
0.58283
0.53689
0.60957
0.58269
0.57099
0.64169
0.6329
0.61566
0.61859
0.58464
0.65714
0.60179
0.5829
0.55285
0.63488
0.57477
0.58815
0.59098
0.63829
0.58361
0.61371
0.67118
0.57331
0.55927
0.59585
0.60672
0.62865
0.66667
0.68308
0.51282
0.6335
0.61679
0.5432
0.66561
0.51351
0.5612
0.56603
0.54775
0.46307
0.68558
0.62967
0.54648
0.54306
0.58793
0.62135
0.61806
0.83188
0.63248
0.59233
0.5623
0.44955
0.58926
0.52653
0.64598
0.65249
0.58244
0.58331
0.56125
0.60779
0.55041
0.64498
0.56197
0.67347
0.60118
0.61508
0.57378
0.60226
0.60719
0.61873
0.49853
0.62013
0.55255
0.5718
0.65556
0.6691
0.54853
0.69048
0.58798
0.65628
0.66333
0.55391
0.48413
0.66264
0.62359
0.61504
0.59295
0.71148
0.59701
0.6726
0.64441
0.58106
0.59965
0.65362
0.53797
0.54037
0.70577
0.55694
0.68211
0.60061
0.63933
0.68182
0.62697
0.60067
0.52942
0.55195
0.5782
0.57124
0.5902
0.59788
0.57966
0.56221
0.52619
0.64919
0.59002
0.58991
0.54287
0.56206
0.56277
0.62202
0.66733
0.5097
0.56591
0.5939
0.52389
0.54179
0.6386
0.54722
0.57698
0.65405
0.53433
0.58829
0.59108
0.66313
0.56744
0.64982
0.61541
0.58087
0.67482
0.56623
0.6345
0.65095
0.48016
0.55306
0.60262
0.57668
0.6162
0.70477
0.64084
0.66478
0.5953
0.64899
0.57421
0.58555
0.59645
0.60435
0.67521
0.63948
0.59069
0.55742
0.63769
0.59526
0.57981
0.71492
0.55267
0.59531
0.6735
0.5745
0.54679
0.50901
0.57376
0.63867
0.57312
0.50807
0.66667
0.5767
0.6476
0.59281
0.56856
0.67507
0.72499
0.57969
0.62013
0.5546
0.53219
0.68385
0.64358
0.48747
0.58173
0.49123
0.57837
0.67088
0.56381
0.52449
0.59044
0.64643
0.58242
0.6125
0.62306
0.58378
0.5627
0.55162
0.53069
0.66351
0.60928
0.60888
0.687
0.64637
0.58929
0.57232
0.55214
0.66796
0.58265
0.55836
0.62645
0.64106
0.61163
0.64403
0.6096
0.58093
0.59137
0.51578
0.63392
0.59048
0.55042
0.62222
0.51561
0.52001
0.66695
0.60504
0.56268
0.64983
0.62076
0.49731
0.67253
0.65076
0.5333
0.60126
0.57655
0.57916
0.57705
0.78271
0.48148
0.64444
0.6369
0.57813
0.57908
0.49337
0.41176
0.61248
0.67386
0.66356
0.6147
0.51523
0.50066
0.47806
0.52903
0.6328
0.57276
0.62778
0.60342
0.735
0.54921
0.60868
0.58696
0.59821
0.60328
0.44753
0.48079
0.58651
0.5873
0.52222
0.53028
0.64003
0.58254
0.42415
0.57719
0.53957
0.53016
0.44747
0.63723
0.65451
0.68265
0.49118
0.49339
0.58069
0.49444
0.51793
0.56771
0.59665
0.52761
0.46868
0.69894
0.61627
0.57222
0.50063
0.56978
0.64975
0.66667
0.5463
0.56667
0.58597
0.56944
0.53069
0.56839
0.56243
0.60476
0.50612
0.53519
0.51843
0.54052
0.55648
0.48889
0.69645
0.66305
0.61387
0.69091
0.52092
0.5
0.50777
0.56151
0.63199
0.66234
0.36
0.50364
0.54989
0.60385
0.5664
0.48202
0.59005
0.45463
0.61717
0.56351
0.57479
0.59945
0.5957
0.46222
0.64789
0.53016
0.61667
0.68067
0.57778
0.57222
0.49362
0.61505
0.53605
0.50423
0.45714
0.57778
0.62757
0.55602
0.69557
0.54471
0.51595
0.61595
0.53175
0.56353
0.64459
0.61463
0.59188
0.48704
0.4899
0.54921
0.52107
0.55802
0.56512
0.56865
0.67385
0.57694
0.57991
0.57143
0.49222
0.56881
0.53144
0.51944
0.57804
0.72385
0.61587
0.54538
0.59325
0.54188
0.54188
0.53968
0.58354
0.61196
0.51587
0.54304
0.45098
0.68128
0.59069
0.67937
0.56102
0.59369
0.84195
0.53715
0.50955
0.53317
0.52976
0.49573
0.5709
0.56572
0.50271
0.52013
0.59444
0.5619
0.62432
0.64792
0.46868
0.51095
0.6381
0.63468
0.57854
0.64435
0.69365
0.62576
0.58649
0.63344
0.53519
0.55649
0.38889
0.67863
0.66167
0.59722
0.42222
0.37037
0.55802
0.54336
0.66104
0.54563
0.5514
0.60036
0.5213
0.68132
0.71917
0.56453
0.57563
0.50352
0.60754
0.5464
0.58358
0.50298
0.68968
0.58377
0.59091
0.50741
0.55651
0.59795
0.60919
0.49444
0.60231
0.51947
0.5631
0.65886
0.58687
0.52836
0.55177
0.65065
0.58331
0.58511
0.66019
0.0
0.58687
0.4963
0.64962
0.59259
0.57956
0.78006
0.63274
0.54413
0.57269
0.39583
0.41171
0.51963
0.46032
0.68013
0.45419
0.55825
0.53851
0.54687
0.47056
0.49269
0.51111
0.62492
0.50977
0.58338
0.50968
0.63611
0.63718
0.4963
0.6161
0.52298
0.59916
0.52757
0.76731
0.34585
0.46852
0.54004
0.60526
0.59352
0.50621
0.65858
0.54878
0.6254
0.56667
0.55519
0.62005
0.54656
0.52433
0.51825
0.56093
0.55882
0.68012
0.5876
0.59005
0.51157
0.64025
0.47485
0.6
0.64427
0.47374
0.64734
0.6
0.55396
0.56111
0.62222
0.64241
0.56169
0.48694
0.54952
0.74869
0.60149
0.52013
0.66296
0.5612
0.54848
0.5703
0.5158
0.58201
0.5119
0.521
0.51111
0.65741
0.51068
0.56732
0.51061
0.61616
0.61376
0.57937
0.65406
0.70699
0.5957
0.62462
0.60022
0.54211
0.42857
0.55556
0.48027
0.55708
0.61429
0.54355
0.55304
0.49605
0.4981
0.52358
0.58231
0.50794
0.50397
0.47222
0.46184
0.57661
0.52757
0.63761
0.53576
0.47186
0.54796
0.62809
0.61667
0.54213
0.5213
0.46381
0.68833
0.70291
0.52889
0.50159
0.65577
0.54516
0.57634
0.47222
0.57521
0.56836
0.60266
0.54444
0.68868
0.39063
0.69524
0.61286
0.55694
0.63429
0.60983
0.63262
0.52799
0.58487
0.6569
0.64925
0.6381
0.57778
0.523
0.55359
0.59744
0.50548
0.53137
0.62719
0.57672
0.48522
0.79477
0.62267
0.50977
0.54008
0.47778
0.491
0.63521
0.62963
0.6431
0.55149
0.47264
0.60741
0.55166
0.74899
0.58509
0.6161
0.64949
0.6038
0.51535
0.46695
0.43237
0.61111
0.59476
0.54172
0.64121
0.58234
0.0
0.61587
0.44183
0.60913
0.50654
0.67939
0.607
0.3
0.56062
0.69927
0.6096
0.54624
0.48288
0.47
0.55702
0.475
0.62649
0.55189
0.56581
0.66112
0.4607
0.60338
0.53422
0.54052
0.6549
0.6352
0.59362
0.52882
0.56249
0.50397
0.55357
0.62026
0.65525
0.53916
0.53715
0.59333
0.6
0.60398
0.60965
0.55182
0.54952
0.51111
0.50265
0.65858
0.56812
0.46808
0.55177
0.71375
0.57143
0.64572
0.5388
0.55882
0.5433
0.61111
0.57299
0.5022
0.68147
0.61558
0.54003
0.6567
0.5213
0.58657
0.52757
0.54783
0.64334
0.54444
0.59352
0.70394
0.47724
0.43333
0.6399
0.69013
0.55483
0.62963
0.58229
0.52051
0.41771
0.57854
0.47857
0.58
0.65788
0.60508
0.5469
0.58254
0.5506
0.6152
0.61595
0.59119
0.28519
0.68791
0.62277
0.5703
0.61891
0.65524
0.60868
0.60926
0.59782
0.57615
0.4729
0.47619
0.4729
0.57692
0.59065
0.51313
0.55273
0.62064
0.62698
0.46852
0.62104
0.61506
0.52444
0.50932
0.51111
0.49055
0.30741
0.54649
0.58466
0.53626
0.69721
0.45556
0.61825
0.68736
0.53333
0.58889
0.50817
0.42502
0.51836
0.56062
0.50222
0.50674
0.5663
0.56457
0.5093
0.49593
0.62291
0.0
0.4944
0.69312
0.60733
0.56911
0.57122
0.53704
0.0
0.5254
0.64665
0.57671
0.53561
0.50741
0.0
0.61876
0.6291
0.61111
0.68996
0.59091
0.64605
0.51706
0.58074
0.60299
0.57698
0.59488
0.57416
0.57262
0.57879
0.50305
0.6291
0.56135
0.53214
0.65661
0.68074
0.65512
0.64146
0.56909
0.60794
0.52656
0.62766
0.55264
0.66295
0.59444
0.56688
0.6381
0.6132
0.50476
0.59167
0.68923
0.5273
0.60878
0.64211
0.56585
0.62265
0.62963
0.68996
0.59601
0.53803
0.60278
0.47034
0.52969
0.50786
0.63488
0.53307
0.55673
0.53889
0.5213
0.64722
0.55019
0.57207
0.40434
0.64185
0.65495
0.44943
0.60276
0.58202
0.65598
0.61627
0.58333
0.52659
0.60949
0.67164
0.5
0.62208
0.56678
0.69488
0.52376
0.44771
0.61939
0.54211
0.5042
0.64021
0.49167
0.57572
0.53806
0.49509
0.57698
0.65374
0.59354
0.50877
0.575
0.53801
0.54621
0.59621
0.4623
0.51754
0.44898
0.63194
0.53771
0.51026
0.57709
0.53815
0.57262
0.59014
0.69078
0.56144
0.55853
0.51111
0.76559
0.53365
0.51144
0.63576
0.43333
0.66523
0.55508
0.45156
0.45883
0.0
0.58333
0.53425
0.62267
0.68027
0.56944
0.65427
0.63336
0.57898
0.49089
0.66593
0.57763
0.0
0.60529
0.65556
0.59014
0.57195
0.5944
0.57026
0.54592
0.55972
0.57287
0.55789
0.56871
0.6537
0.5957
0.6276
0.62939
0.50548
0.64955
0.56811
0.53449
0.61592
0.61325
0.59921
0.60391
0.55057
0.59664
0.61944
0.53254
0.54734
0.59248
0.49008
0.58364
0.52672
0.66091
0.50555
0.55651
0.45463
0.38889
0.54922
0.53438
0.54136
0.58202
0.52484
0.63433
0.65154
0.41005
0.57953
0.63558
0.50641
0.59815
0.43016
0.69323
0.61402
0.59253
0.57302
0.58333
0.66114
0.38718
0.50483
0.62403
0.57448
0.50929
0.63728
0.36508
0.48677
0.52941
0.53112
0.52846
0.77091
0.44233
0.69795
0.50654
0.5119
0.6326
0.58167
0.48254
0.61134
0.51836
0.55882
0.65355
0.6038
0.51852
0.67062
0.64026
0.59136
0.63519
0.53669
0.66127
0.55383
0.53175
0.55844
0.0
0.58651
0.66734
0.52222
0.53704
0.44804
0.52432
0.62026
0.68868
0.63056
0.50296
0.68493
0.69705
0.53957
0.54558
0.59237
0.56657
0.53897
0.52338
0.57077
0.65291
0.54286
0.60396
0.65406
0.50926
0.62222
0.60529
0.50556
0.58584
0.51343
0.51339
0.7047
0.37831
0.57265
0.62061
0.65468
0.58481
0.54714
0.41508
0.57381
0.54052
0.76226
0.59998
0.58568
0.54147
0.68228
0.47071
0.57991
0.49798
0.57143
0.58358
0.54327
0.48862
0.57077
0.52407
0.64937
0.59222
0.53975
0.64194
0.65235
0.60864
0.62768
0.50483
0.64545
0.52824
0.64545
0.63827
0.58811
0.5739
0.64418
0.54784
0.5345
0.52212
0.5456
0.72196
0.69774
0.52444
0.61905
0.45079
0.58425
0.66926
0.53687
0.56825
0.6459
0.51389
0.53709
0.57709
0.6
0.5028
0.63447
0.52489
0.59119
0.56207
0.62332
0.55149
0.63846
0.62831
0.59238
0.60444
0.58852
0.47944
0.59361
0.59352
0.54454
0.53237
0.62179
0.60201
0.44444
0.53925
0.60323
0.58961
0.41592
0.58025
0.52834
0.77778
0.51182
0.58222
0.5703
0.49339
0.65741
0.52137
0.60528
0.73267
0.59925
0.62653
0.60725
0.5548
0.58701
0.65287
0.61888
0.63137
0.57987
0.55523
0.65278
0.62831
0.55556
0.63124
0.68293
0.57077
0.53158
0.55614
0.66609
0.44118
0.50065
0.56111
0.65281
0.57594
0.52761
0.5506
0.50992
0.55746
0.56835
0.63308
0.58475
0.66151
0.63827
0.60833
0.63858
0.60145
0.56296
0.57469
0.51082
0.51494
0.59253
0.61322
0.57185
0.63228
0.67546
0.61587
0.52147
0.67966
0.57901
0.57611
0.55931
0.55836
0.58234
0.72377
0.50505
0.4877
0.47619
0.60024
0.5273
0.56201
0.52919
0.59188
0.57354
0.59188
0.6025
0.62222
0.61739
0.56404
0.61614
0.63273
0.5663
0.65741
0.5259
0.44074
0.43089
0.51111
0.60935
0.56389
0.6237
0.64807
0.5314
0.44266
0.63187
0.50204
0.68015
0.59722
0.60259
0.64054
0.51852
0.521
0.49206
0.62354
0.54282
0.58514
0.5637
0.51836
0.70244
0.55655
0.56487
0.61765
0.59683
0.47757
0.60328
0.50807
0.61033
0.46222
0.61091
0.52143
0.54276
0.61481
0.53438
0.65137
0.61111
0.60714
0.45048
0.59804
0.61505
0.51055
0.58156
0.64153
0.62974
