0.66364
0.70907
0.62857
0.66789
0.66254
0.70429
0.71824
0.66706
0.62703
0.69256
0.60039
0.66159
0.5491
0.66737
0.66721
0.51941
0.53829
0.71332
0.55208
0.57301
0.5653
0.65851
0.63714
0.71856
0.56441
0.45556
0.62365
0.5739
0.65816
0.565
0.52672
0.58496
0.52677
0.63427
0.63565
0.69112
0.58818
0.56812
0.6921
0.61706
0.59479
0.60538
0.65008
0.6565
0.72096
0.64931
0.60845
0.69871
0.5292
0.65549
0.0
0.55406
0.57753
0.69577
0.63843
0.51515
0.6577
0.5672
0.63533
0.66775
0.61007
0.54945
0.69609
0.58712
0.67962
0.70348
0.58405
0.54563
0.57211
0.60449
0.59961
0.51943
0.53331
0.71948
0.57989
0.6254
0.6576
0.61465
0.67763
0.67008
0.62517
0.66032
0.67026
0.63603
0.67116
0.6462
0.61255
0.69114
0.69875
0.64858
0.66706
0.63849
0.75268
0.64424
0.67297
0.56795
0.6889
0.64299
0.74277
0.74385
0.4967
0.74504
0.56613
0.66437
0.4834
0.6929
0.60894
0.58309
0.63225
0.61466
0.60043
0.67195
0.52374
0.62016
0.67666
0.64421
0.60789
0.72037
0.59506
0.37663
0.63704
0.59316
0.57398
0.65565
0.58967
0.64176
0.60404
0.71722
0.65719
0.5294
0.70882
0.62402
0.57168
0.72759
0.72969
0.56538
0.61067
0.52915
0.66567
0.59912
0.62071
0.62912
0.60157
0.60516
0.66644
0.65817
0.61298
0.6512
0.64763
0.74937
0.7211
0.48914
0.64244
0.64895
0.6289
0.67929
0.64559
0.50213
0.65771
0.63029
0.54035
0.6762
0.57001
0.64528
0.40278
0.47017
0.5503
0.67649
0.50438
0.66762
0.53966
0.52579
0.60826
0.67045
0.63486
0.60876
0.67646
0.64365
0.73766
0.61191
0.6704
0.62315
0.58177
0.60027
0.72418
0.57455
0.57887
0.60166
0.65408
0.67956
0.43976
0.66172
0.53314
0.73345
0.64196
0.5401
0.72058
0.64361
0.55365
0.62287
0.67444
0.71907
0.65805
0.73119
0.56219
0.64381
0.69279
0.55413
0.54951
0.62902
0.65266
0.63987
0.58889
0.57047
0.59083
0.7156
0.55881
0.66461
0.64657
0.64001
0.63967
0.57374
0.65295
0.5194
0.69463
0.57955
0.61696
0.55419
0.49186
0.69449
0.69463
0.59476
0.58551
0.6698
0.64851
0.67932
0.73152
0.63738
0.71887
0.59533
0.72421
0.64127
0.6241
0.63324
0.73447
0.67903
0.64376
0.53583
0.70891
0.68947
0.71009
0.65857
0.72875
0.66458
0.52449
0.57995
0.64635
0.68277
0.62749
0.52409
0.61379
0.63507
0.73212
0.67964
0.53652
0.61043
0.6822
0.67481
0.71468
0.52258
0.64968
0.61559
0.73453
0.73193
0.61499
0.70341
0.59608
0.72902
0.58036
0.72258
0.60139
0.55299
0.54333
0.65739
0.71242
0.62631
0.6318
0.66378
0.69764
0.701
0.69778
0.6368
0.59706
0.74803
0.66518
0.59381
0.59487
0.63071
0.64919
0.43303
0.50803
0.64084
0.66585
0.55497
0.69301
0.63372
0.55556
0.67642
0.69544
0.60529
0.59786
0.57685
0.63439
0.6997
0.55464
0.70954
0.59503
0.61362
0.70483
0.61495
0.70662
0.57357
0.67652
0.67315
0.68153
0.52342
0.4963
0.68824
0.54091
0.6715
0.58729
0.59297
0.76446
0.55775
0.6259
0.72976
0.54653
0.7199
0.48264
0.76637
0.6747
0.6318
0.66242
0.58016
0.68844
0.64102
0.69501
0.65984
0.6507
0.68037
0.60341
0.66783
0.51764
0.59791
0.63098
0.57949
0.56645
0.63437
0.62554
0.57015
0.62702
0.70007
0.56338
0.63262
0.61917
0.76001
0.63589
0.61111
0.66225
0.65871
0.59643
0.67267
0.67202
0.70343
0.60993
0.60982
0.49762
0.73928
0.62356
0.61948
0.65707
0.60418
0.5195
0.52966
0.69727
0.63172
0.64273
0.6389
0.58889
0.6658
0.65119
0.50014
0.637
0.59104
0.71021
0.56117
0.53175
0.59698
0.52942
0.72497
0.64057
0.60978
0.55601
0.73143
0.69127
0.65494
0.61833
0.57079
0.64762
0.6188
0.61016
0.5313
0.56175
0.67998
0.65557
0.65225
0.51566
0.55571
0.62616
0.55325
0.75736
0.61812
0.75157
0.49335
0.66356
0.6741
0.61332
0.54402
0.70471
0.73857
0.59718
0.57189
0.64844
0.5642
0.66769
0.7062
0.64239
0.70319
0.6889
0.55105
0.61095
0.66694
0.59746
0.56163
0.69443
0.57213
0.62867
0.65646
0.74986
0.64806
0.57428
0.63268
0.67171
0.67271
0.65028
0.71035
0.59076
0.60602
0.5941
0.70283
0.5776
0.7328
0.61664
0.61362
0.57983
0.73131
0.59132
0.54717
0.56298
0.71962
0.73604
0.59745
0.61362
0.55005
0.52477
0.58297
0.58418
0.78673
0.57789
0.63258
0.67742
0.59569
0.61003
0.67633
0.53602
0.7466
0.66813
0.52152
0.71061
0.7928
0.64638
0.64315
0.59333
0.62366
0.74649
0.54435
0.54615
0.59294
0.65157
0.56299
0.70082
0.58842
0.5621
0.74379
0.62712
0.58194
0.55477
0.67949
0.56272
0.53917
0.63097
0.56693
0.67251
0.64545
0.66966
0.56648
0.71186
0.58633
0.61328
0.61811
0.57982
0.53384
0.68889
0.56111
0.65583
0.68979
0.67709
0.68146
0.58212
0.58237
0.49349
0.65368
0.66402
0.5274
0.57925
0.62037
0.65248
0.73683
0.58734
0.78397
0.67701
0.73407
0.55043
0.64477
0.62209
0.62487
0.48874
0.69595
0.61257
0.69199
0.68439
0.54757
0.66979
0.54612
0.59128
0.59834
0.56217
0.72132
0.62413
0.68065
0.62137
0.61151
0.76409
0.70744
0.56568
0.64292
0.55309
0.63809
0.58383
0.59965
0.61518
0.59372
0.6061
0.64077
0.6237
0.64002
0.7145
0.59802
0.71705
0.80129
0.67854
0.51333
0.60932
0.5854
0.53778
0.60137
0.61319
0.49035
0.60595
0.60733
0.58642
0.66545
0.67673
0.58141
0.63249
0.58396
0.54324
0.68261
0.67037
0.68114
0.67967
0.63645
0.43544
0.65578
0.61223
0.71554
0.64349
0.53596
0.63227
0.62679
0.6809
0.63199
0.64256
0.645
0.67195
0.651
0.50117
0.66853
0.61196
0.6634
0.65884
0.48641
0.60866
0.62609
0.55029
0.61825
0.63017
0.54609
0.64381
0.63375
0.64293
0.68243
0.59435
0.57302
0.62542
0.58899
0.64398
0.63292
0.67711
0.70102
0.70154
0.51566
0.53313
0.62166
0.72455
0.51341
0.69361
0.65314
0.55692
0.68506
0.64237
0.60719
0.65533
0.68563
0.66502
0.60083
0.70065
0.6411
0.61231
0.6868
0.0
0.74605
0.52859
0.56886
0.63967
0.62709
0.56667
0.52549
0.64199
0.58177
0.5971
0.6338
0.56058
0.54971
0.57194
0.54908
0.47925
0.6402
0.55183
0.66507
0.7233
0.67048
0.73609
0.54993
0.62073
0.55255
0.62651
0.67353
0.66854
0.65154
0.63122
0.737
0.52605
0.55033
0.56151
0.69686
0.54692
0.6798
0.64626
0.68199
0.71018
0.66791
0.56753
0.57421
0.62095
0.71676
0.58264
0.59926
0.57143
0.59069
0.60873
0.71761
0.6111
0.55173
0.72789
0.55226
0.6678
0.74009
0.61472
0.52544
0.55597
0.49417
0.6587
0.63483
0.675
0.65436
0.53068
0.59843
0.6672
0.61707
0.61342
0.63262
0.55009
0.59876
0.58188
0.56778
0.65485
0.52616
0.47953
0.67959
0.56534
0.62097
0.73819
0.6026
0.62995
0.59794
0.60948
0.56341
0.72191
0.65415
0.62959
0.55999
0.54462
0.55842
0.68442
0.67251
0.60474
0.66925
0.60091
0.67893
0.63491
0.675
0.57255
0.59384
0.55927
0.62242
0.65799
0.61257
0.63343
0.66726
0.64891
0.62032
0.6323
0.71429
0.51652
0.55107
0.55123
0.57949
0.54137
0.71855
0.60267
0.55999
0.65604
0.69407
0.56022
0.69099
0.63409
0.60172
0.68716
0.5702
0.57162
0.57585
0.77747
0.6384
0.66472
0.60363
0.59352
0.64097
0.59071
0.51074
0.64825
0.68572
0.65095
0.70968
0.60689
0.64976
0.58966
0.63289
0.56019
0.57209
0.63199
0.55118
0.58565
0.65843
0.64587
0.57027
0.58244
0.53432
0.55299
0.54359
0.53553
0.56944
0.63327
0.6038
0.54222
0.58202
0.49603
0.51111
0.45635
0.54004
0.49597
0.59625
0.49726
0.52749
0.52033
0.58573
0.59249
0.6035
0.73316
0.6973
0.54471
0.59732
0.46046
0.77785
0.67495
0.5128
0.59019
0.69703
0.72
0.71671
0.54022
0.54402
0.63501
0.53768
0.56949
0.47071
0.54535
0.54563
0.50791
0.58651
0.55204
0.48485
0.57588
0.62222
0.53616
0.61237
0.56806
0.58471
0.60935
0.59944
0.58466
0.62179
0.5688
0.66214
0.63431
0.57381
0.68765
0.63183
0.60337
0.58687
0.45463
0.55778
0.55185
0.47857
0.64628
0.57778
0.57184
0.51318
0.58573
0.48522
0.56878
0.4985
0.62069
0.60768
0.60079
0.65497
0.58254
0.54444
0.48986
0.59998
0.62275
0.51768
0.57448
0.57143
0.53275
0.6527
0.56806
0.6571
0.72039
0.61546
0.55931
0.52742
0.72643
0.60201
0.62663
0.47741
0.50562
0.55602
0.60072
0.60526
0.52926
0.66912
0.58502
0.59972
0.76074
0.54052
0.57026
0.50794
0.65451
0.62222
0.54176
0.57335
0.48999
0.54563
0.59721
0.56944
0.58254
0.62794
0.49405
0.55714
0.51561
0.55
0.54565
0.68
0.6636
0.59369
0.52976
0.60317
0.5131
0.59495
0.65794
0.57395
0.39048
0.63543
0.60299
0.59188
0.54969
0.50713
0.61522
0.60231
0.65327
0.60755
0.72892
0.65094
0.62727
0.65217
0.66429
0.59223
0.60089
0.5663
0.53821
0.58603
0.61111
0.6377
0.66905
0.65346
0.61704
0.48366
0.57679
0.59231
0.5871
0.64708
0.65378
0.71508
0.49549
0.58486
0.66882
0.55427
0.60309
0.65232
0.69231
0.53122
0.62205
0.57185
0.697
0.52355
0.49274
0.59226
0.66423
0.46595
0.59488
0.66316
0.575
0.71116
0.51905
0.5453
0.56067
0.52458
0.60794
0.59664
0.65966
0.70275
0.58839
0.56404
0.56315
0.5988
0.53715
0.59206
0.62708
0.70976
0.54818
0.58832
0.55929
0.5563
0.67169
0.6377
0.52488
0.575
0.5506
0.45139
0.59192
0.55377
0.54355
0.63278
0.61688
0.66186
0.5156
0.56812
0.63286
0.60398
0.40859
0.60666
0.65743
0.65233
0.62374
0.59225
0.5705
0.52457
0.52338
0.61229
0.525
0.56804
0.57153
0.57899
0.63185
0.7161
0.6642
0.71728
0.57847
0.68333
0.6476
0.6658
0.66497
0.54311
0.52583
0.52833
0.72977
0.64141
0.66926
0.55649
0.51768
0.59658
0.51287
0.56512
0.59
0.56548
0.49339
0.55556
0.70881
0.7044
0.54808
0.50173
0.45451
0.49482
0.66465
0.6724
0.69448
0.64004
0.55915
0.50137
0.56963
0.58222
0.57861
0.64741
0.61795
0.73086
0.76105
0.54597
0.54691
0.40278
0.64997
0.56407
0.63256
0.66497
0.40731
0.48945
0.56658
0.40556
0.50773
0.50926
0.62275
0.63419
0.6152
0.70556
0.54919
0.5883
0.63827
0.63132
0.54118
0.43237
0.59091
0.57672
0.50794
0.54217
0.48889
0.61587
0.53333
0.42381
0.55876
0.55065
0.65653
0.5636
0.61407
0.56389
0.50817
0.67724
0.70945
0.65722
0.63889
0.54212
0.49291
0.66149
0.57692
0.62778
0.63742
0.58006
0.65278
0.60289
0.42337
0.54762
0.56111
0.51809
0.57692
0.62408
0.65859
0.66044
0.69785
0.64195
0.58487
0.62473
0.52474
0.58574
0.66336
0.51759
0.52467
0.55859
0.59077
0.60719
0.66402
0.525
0.6873
0.61599
0.62799
0.47313
0.49193
0.51056
0.48792
0.59048
0.58472
0.67769
0.66286
0.66914
0.53133
0.61616
0.55041
0.73528
0.68853
0.65463
0.5641
0.59886
0.59799
0.51092
0.65095
0.69336
0.55873
0.56746
0.45556
0.58494
0.56759
0.56486
0.54355
0.6431
0.50713
0.61711
0.51905
0.61081
0.50265
0.59447
0.56111
0.58881
0.57672
0.72033
0.49539
0.58494
0.59489
0.54286
0.54867
0.55712
0.51111
0.67021
0.68936
0.64175
0.69017
0.59259
0.53771
0.54804
0.64118
0.5688
0.6599
0.66125
0.64718
0.62047
0.65117
0.54991
0.4612
0.61467
0.71492
0.613
0.6548
0.65074
0.57313
0.5128
0.55911
0.57375
0.6558
0.64621
0.58761
0.62889
0.61595
0.68128
0.50259
0.52778
0.59722
0.53519
0.64588
0.58992
0.64598
0.64556
0.6527
0.50753
0.60577
0.61782
0.53333
0.51852
0.51648
0.51818
0.60278
0.58036
0.62319
0.60556
0.57143
0.58006
0.39304
0.60299
0.5641
0.55299
0.53771
0.61155
0.62914
0.575
0.5403
0.69785
0.67105
0.63429
0.5664
0.57043
0.60468
0.7042
0.69029
0.60696
0.58285
0.5743
0.49405
0.51271
0.50829
0.44646
0.61291
0.63708
0.58761
0.60538
0.65044
0.54823
0.46778
0.50397
0.62516
0.60556
0.63044
0.64761
0.69155
0.63866
0.65
0.56667
0.52444
0.60476
0.58793
0.65525
0.53148
0.66548
0.52222
0.57377
0.60556
0.59539
0.56795
0.5181
0.46345
0.58015
0.57778
0.54571
0.50813
0.5561
0.60547
0.59683
0.47356
0.51544
0.50117
0.6676
0.54672
0.64013
0.31587
0.61278
0.50794
0.62503
0.5
0.53331
0.61517
0.57372
0.61121
0.63447
0.67065
0.64827
0.50545
0.61205
0.63866
0.54571
0.51583
0.78844
0.66184
0.61546
0.54679
0.57288
0.57778
0.50665
0.52799
0.54721
0.54355
0.48375
0.62794
0.66027
0.70095
0.69305
0.55882
0.59165
0.58555
0.55177
0.61797
0.62933
0.64301
0.53842
0.59052
0.50794
0.45859
0.60991
0.52819
0.59499
0.53771
0.54212
0.60983
0.57143
0.53689
0.46302
0.50071
0.69457
0.59941
0.61118
0.56076
0.50807
0.46548
0.51762
0.58588
0.56243
0.63825
0.6506
0.5709
0.57763
0.49883
0.60909
0.57559
0.56129
0.64687
0.41771
0.60653
0.48904
0.59369
0.59017
0.53036
0.53133
0.44508
0.67154
0.59931
0.61726
0.54679
0.57027
0.64397
0.59087
0.525
0.63178
0.49575
0.60566
0.5563
0.47831
0.54989
0.60444
0.54578
0.62365
0.59437
0.71917
0.64348
0.64763
0.67312
0.54562
0.60152
0.59911
0.58722
0.68037
0.58425
0.63568
0.6216
0.63185
0.69312
0.48938
0.46597
0.57027
0.56729
0.53225
0.46026
0.61353
0.49853
0.54029
0.54714
0.52804
0.67118
0.65136
0.55649
0.61111
0.59444
0.59253
0.69141
0.43519
0.51852
0.56497
0.65394
0.64003
0.54116
0.59354
0.58
0.60491
0.64076
0.65299
0.58224
0.60859
0.62912
0.46873
0.49815
0.475
0.6093
0.63442
0.59346
0.59275
0.66804
0.63901
0.50423
0.55673
0.57772
0.74763
0.53225
0.58645
0.53803
0.56296
0.65992
0.63012
0.58889
0.53954
0.42381
0.63274
0.68852
0.6902
0.6267
0.66168
0.68556
0.64647
0.57853
0.5028
0.51836
0.55714
0.71164
0.55972
0.6802
0.59489
0.56897
0.57943
0.60696
0.53312
0.61121
0.53307
0.57159
0.51433
0.57773
0.65279
0.68589
0.5709
0.67852
0.50948
0.56596
0.67172
0.58679
0.61636
0.40856
0.6579
0.59716
0.62809
0.67769
0.65831
0.63088
0.64073
0.55517
0.49376
0.66215
0.62328
0.56678
0.58657
0.66063
0.58953
0.37469
0.61467
0.55688
0.65145
0.64872
0.64996
0.58889
0.56916
0.48772
0.58642
0.57879
0.56978
0.5733
0.59396
0.57484
0.48747
0.63846
0.6183
0.53664
0.55264
0.55746
0.5469
0.58961
0.54355
0.58409
0.53704
0.66987
0.60915
0.57699
0.5194
0.62179
0.53771
0.61496
0.53651
0.54495
0.52626
0.54952
0.63278
0.53723
0.60835
0.61252
0.50582
0.56905
0.56389
0.63889
0.65463
0.69512
0.61826
0.57879
0.67395
0.69231
0.63543
0.53058
0.58187
0.58082
0.6614
0.53571
0.57407
0.56816
0.68868
0.62656
0.51455
0.6257
0.58306
0.47645
0.56522
0.66144
0.67338
0.65092
0.53607
0.63472
0.61901
0.58234
0.59972
0.6131
0.52474
0.58714
0.66561
0.59884
0.59869
0.66677
0.59484
0.60444
0.5873
0.57005
0.52143
0.6789
0.60207
0.63056
0.54921
0.59001
0.49234
0.52441
0.59124
0.63429
0.65278
0.71093
0.58083
0.58228
0.63095
0.51628
0.55651
0.62822
0.52733
0.5803
0.52143
0.71474
0.67521
0.6327
0.66514
0.56371
0.57441
0.6069
0.59599
0.58425
0.48439
0.70509
0.63568
0.61844
0.58331
0.60569
0.54998
0.50137
0.64528
0.63791
0.60291
0.66588
0.66801
0.65159
0.65041
0.54288
0.55038
0.59163
0.65205
0.58458
0.50342
0.56162
0.58756
0.55833
0.64871
0.61389
0.65641
0.72865
0.49588
0.55842
0.71888
0.70167
0.6689
0.5765
0.76201
0.69197
0.64722
0.6647
0.57143
0.5455
0.67015
0.65834
0.63519
0.58875
0.55556
0.59504
0.5367
0.72372
0.67783
0.68028
0.46645
0.65722
0.59725
0.67724
0.56389
0.54235
0.55788
0.59517
0.58889
0.6278
0.51746
0.61724
0.52456
0.59839
0.6345
0.48792
0.51194
0.61111
0.57517
0.6598
0.68097
0.73425
0.54513
0.53561
0.74177
0.64336
0.74406
0.70984
0.45224
0.56467
0.47011
0.57881
0.61298
0.58699
0.54417
0.48663
0.60507
0.55132
0.57895
0.5916
0.65214
0.61546
0.56949
0.54211
0.52757
0.49415
0.56111
0.57843
0.61888
0.50476
0.49339
0.44722
0.49048
0.57354
0.62069
0.49605
0.52297
0.52309
0.5164
0.5002
0.47645
0.5959
0.65966
0.66273
0.62987
0.68716
0.47141
0.54039
0.53968
0.58006
0.46474
0.55908
0.45043
0.6132
0.6085
0.60297
0.6192
0.62607
0.59001
0.59325
0.59458
0.58466
0.58818
0.48148
0.5463
0.40123
0.74074
0.55263
0.57407
0.57723
0.56746
0.42564
0.40278
0.30952
0.42063
0.5022
0.33509
0.59069
0.53175
0.4359
0.41453
0.52749
0.56923
0.62778
0.57479
0.49231
0.44017
0.50093
0.51333
0.64048
0.5558
0.33704
0.75758
0.70635
0.52143
0.56964
0.53509
0.5157
0.42593
0.49333
0.59722
0.52882
0.67407
0.55833
0.55556
0.57479
0.43237
0.59583
0.7193
0.64719
0.54074
0.59489
0.37407
0.42889
0.41667
0.74062
0.54924
0.84167
0.36667
0.53175
0.57464
0.4537
0.38568
0.5547
0.55556
0.54167
0.53526
0.51223
0.61111
0.54167
0.55483
0.5424
0.43651
0.5127
0.45599
0.59048
0.29894
0.52381
0.0
0.56272
0.43651
0.55263
0.56746
0.42063
0.32906
0.63297
0.53509
0.4127
0.68889
0.46581
0.54365
0.46068
0.48472
0.50714
0.35128
0.61026
0.0
0.49231
0.57692
0.40212
0.60317
0.43651
0.57407
0.5216
0.57778
0.52778
0.57407
0.44231
0.58333
0.5873
0.46768
0.55344
0.43519
0.51385
0.58222
0.51449
0.51068
0.46581
0.50093
0.40354
0.48148
0.4127
0.5101
0.65128
0.39683
0.64683
0.49915
0.33175
0.45139
0.63757
0.51429
0.43651
0.66715
0.50476
0.52165
0.56759
0.53509
0.41754
0.50108
0.50093
0.59064
0.44444
0.86296
0.45765
0.46528
0.46199
0.31111
0.57037
0.57302
0.65284
0.61508
0.5667
0.56349
0.51065
0.62381
0.50071
0.53571
0.53968
0.45238
0.52222
0.4085
0.63582
0.59735
0.65702
0.40842
0.44444
0.47244
0.57738
0.64057
0.53333
0.38462
0.0
0.40741
0.4127
0.56964
0.51795
0.62778
0.49206
0.42758
0.46455
0.49841
0.60185
0.40741
0.47222
0.31481
0.58413
0.0
0.5873
0.58095
0.56272
0.42593
0.53509
0.49915
0.43889
0.60855
0.53889
0.44697
0.47464
0.86316
0.43651
0.59111
0.55024
0.42063
0.47009
0.42593
0.54074
0.0
0.68254
0.42593
0.47778
0.35159
0.54928
0.52778
0.48016
0.51065
0.46581
0.56508
0.30342
0.625
0.46984
0.42063
0.53016
0.5625
0.52749
0.52619
0.31944
0.49206
0.55076
0.55311
0.68224
0.53069
0.49605
0.48684
0.52564
0.47222
0.65079
0.65873
0.43889
0.64126
0.44444
0.62302
0.50265
0.58418
0.51852
0.30952
0.4619
0.38596
0.4963
0.49708
0.59735
0.54915
0.44017
0.47
0.5733
0.47009
0.4657
0.52083
0.49167
0.44017
0.66667
0.47222
0.65741
0.47222
0.50108
0.5119
0.4808
0.61618
0.47009
0.50265
0.57692
0.50741
0.44444
0.45148
0.54329
0.59248
0.46111
0.51795
0.44686
0.0
0.33175
0.53889
0.42758
0.46832
0.66701
0.0
0.44444
0.55354
0.0
0.51282
0.4596
0.46889
0.47585
0.49339
0.0
0.42593
0.58194
0.50108
0.59788
0.57479
0.45139
0.5873
0.52581
0.57037
0.55556
0.62037
0.51455
0.72155
0.44444
0.5375
0.52222
0.43519
0.59605
0.56508
0.42063
0.66224
0.53175
0.47727
0.58454
0.49136
0.52581
0.52899
0.43651
0.42889
0.67847
0.53889
0.45971
0.51984
0.51984
0.3254
0.47953
0.65939
0.48918
0.55128
0.48409
0.42083
0.4808
0.42564
0.63304
0.61111
0.5558
0.54074
0.62381
0.29894
0.45175
0.55167
0.57723
0.4657
0.62037
0.56944
0.53673
0.57889
0.65351
0.55263
0.51455
0.46068
0.53571
0.57727
0.41775
0.54746
0.53889
0.49683
0.40354
0.57288
0.69048
0.5037
0.54915
0.41453
0.41453
0.63582
0.56349
0.43704
0.36842
0.48148
0.46581
0.41358
0.47485
0.68012
0.4
0.57479
0.62222
0.62637
0.54304
0.64349
0.41775
0.52083
0.34167
0.31287
0.46832
0.5216
0.47009
0.57407
0.45926
0.46768
0.56886
0.53704
0.46296
0.59248
0.60321
0.38426
0.44152
0.56085
0.52778
0.51768
0.43056
0.38568
0.52556
0.68995
0.53283
0.53957
0.54915
0.4303
0.46222
0.8381
0.59788
0.54444
0.67018
0.55128
0.30808
0.53889
0.52667
0.62681
0.5424
0.55714
0.45726
0.44152
0.3303
0.71429
0.28857
0.31481
0.0
0.59074
0.61026
0.48413
0.56111
0.48611
0.43889
0.59048
0.62778
0.45139
0.49573
0.40508
0.68995
0.0
0.48333
0.5058
0.57692
0.48148
0.3913
0.64662
0.41511
0.54167
0.55024
0.51746
0.47778
0.55128
0.64087
0.53889
0.49915
0.43237
0.52593
0.5
0.41771
0.51746
0.47475
0.3661
0.42063
0.41667
0.47727
0.57479
0.43889
0.42593
0.55556
0.53019
0.4127
0.45238
0.55354
0.55024
0.54226
0.38095
0.0
0.44152
0.43704
0.53704
0.44231
0.47009
0.38667
0.62681
0.46164
0.3303
0.48148
0.56605
0.46032
0.55
0.62987
0.44771
0.57407
0.54444
0.43704
0.5375
0.43889
0.59585
0.44152
0.45524
0.50253
0.5235
0.5957
0.5235
0.4964
0.51111
0.61872
0.53333
0.40972
0.58052
0.42072
0.5463
0.43651
0.31667
0.46389
0.4619
0.52733
0.63276
0.6303
0.52664
0.44359
0.58492
0.43889
0.49381
0.52381
0.5216
0.63162
0.38889
0.0
0.43651
0.53723
0.63704
0.0
0.57245
0.58987
0.5537
0.47343
0.54444
0.4798
0.32222
0.52708
0.59539
0.58262
0.51967
0.56061
0.44722
0.51068
0.47222
0.31258
0.40659
0.53941
0.48684
0.4859
0.5157
0.49381
0.51389
0.66373
0.26638
0.60117
0.51263
0.38722
0.47222
0.46779
0.69444
0.65881
0.5625
0.53674
0.52667
0.59424
0.0
0.58611
0.54006
0.60556
0.6163
0.57917
0.4239
0.53788
0.5367
0.48521
0.52738
0.46645
0.35294
0.54722
0.74531
0.48409
0.45833
0.53157
0.0
0.0
0.62778
0.53987
0.6
0.50926
0.56169
0.5853
0.0
0.51136
0.46094
0.48667
0.52738
