1.0
1.0
0.992
1.0
0.9622
0.96995
1.0
1.0
1.0
1.0
1.0
1.0
1.0
1.0
0.80529
1.0
1.0
1.0
1.0
1.0
1.0
0.98264
0.92561
1.0
0.94602
0.92026
1.0
1.0
0.97881
1.0
1.0
1.0
1.0
1.0
1.0
1.0
0.91227
1.0
1.0
1.0
1.0
0.9317
1.0
0.90441
1.0
1.0
1.0
1.0
1.0
0.93129
1.0
1.0
0.97851
1.0
1.0
1.0
1.0
1.0
0.99197
1.0
0.96666
1.0
1.0
0.98961
1.0
1.0
1.0
0.94071
1.0
0.92144
1.0
0.91736
0.9335
1.0
0.96928
1.0
0.93885
0.97024
1.0
1.0
0.94025
0.98326
1.0
0.97321
1.0
1.0
0.95446
1.0
1.0
1.0
1.0
1.0
1.0
1.0
1.0
0.89496
0.86062
1.0
0.92484
1.0
0.88892
0.85872
1.0
1.0
1.0
1.0
1.0
1.0
1.0
1.0
0.9697
0.99385
1.0
1.0
1.0
0.88979
0.98851
0.94592
1.0
0.89929
1.0
1.0
0.89466
1.0
1.0
1.0
1.0
1.0
1.0
1.0
0.66667
0.90275
0.98657
1.0
1.0
1.0
1.0
0.88482
0.91061
1.0
1.0
1.0
0.79147
1.0
1.0
1.0
0.90007
0.95541
1.0
1.0
1.0
0.91095
1.0
1.0
1.0
0.97608
1.0
1.0
1.0
1.0
1.0
1.0
1.0
1.0
1.0
1.0
1.0
0.90287
1.0
1.0
0.93586
1.0
0.97595
1.0
1.0
1.0
1.0
1.0
1.0
1.0
1.0
1.0
0.90418
1.0
1.0
1.0
1.0
1.0
1.0
0.98446
1.0
1.0
0.99841
1.0
1.0
1.0
0.9487
1.0
1.0
1.0
1.0
0.9117
1.0
1.0
1.0
1.0
0.94739
1.0
1.0
1.0
0.94847
1.0
0.92705
1.0
1.0
0.95588
1.0
0.90032
1.0
0.91284
1.0
0.97511
1.0
1.0
1.0
0.98139
0.94133
0.97908
1.0
0.96872
1.0
1.0
1.0
0.97439
1.0
1.0
1.0
1.0
1.0
1.0
1.0
1.0
0.88095
1.0
1.0
0.97258
1.0
0.93039
1.0
0.98089
1.0
1.0
1.0
1.0
0.87518
0.83009
1.0
1.0
1.0
1.0
1.0
1.0
1.0
1.0
1.0
1.0
1.0
1.0
1.0
1.0
1.0
1.0
1.0
1.0
1.0
0.90563
1.0
1.0
1.0
1.0
1.0
1.0
0.9656
1.0
1.0
1.0
0.85726
1.0
0.99057
1.0
0.91693
1.0
1.0
1.0
0.93879
0.95107
1.0
0.94753
1.0
1.0
0.94195
0.98055
0.94752
1.0
1.0
1.0
0.85682
1.0
1.0
1.0
1.0
0.93219
0.87105
1.0
1.0
1.0
0.9067
1.0
1.0
0.89631
0.98596
1.0
0.96555
1.0
1.0
1.0
1.0
1.0
0.8253
0.95944
0.99216
1.0
0.88209
1.0
0.94499
0.94091
1.0
0.9148
1.0
1.0
1.0
1.0
0.91774
1.0
1.0
1.0
0.96996
1.0
0.88522
1.0
1.0
1.0
1.0
1.0
0.95888
1.0
1.0
1.0
0.86212
0.95479
0.99813
1.0
0.93777
0.96348
1.0
0.97482
0.86349
0.84152
1.0
1.0
1.0
0.97428
1.0
1.0
1.0
1.0
1.0
1.0
0.94866
1.0
1.0
1.0
0.88478
0.93686
1.0
1.0
0.99252
1.0
1.0
1.0
1.0
1.0
1.0
1.0
1.0
1.0
1.0
0.90244
0.96746
1.0
1.0
1.0
1.0
1.0
0.95666
1.0
1.0
1.0
1.0
1.0
1.0
1.0
1.0
0.98718
1.0
1.0
0.98053
1.0
0.92229
1.0
0.90512
1.0
0.87304
1.0
1.0
0.99726
1.0
0.81486
1.0
0.93791
1.0
1.0
0.85646
1.0
0.97574
1.0
1.0
0.91028
1.0
1.0
1.0
0.86543
1.0
1.0
0.93836
1.0
0.95458
1.0
1.0
1.0
1.0
0.85731
0.90183
1.0
1.0
1.0
1.0
1.0
1.0
1.0
1.0
1.0
1.0
1.0
1.0
0.9078
1.0
1.0
1.0
1.0
1.0
0.88165
0.94263
1.0
0.92276
0.87208
1.0
0.95351
1.0
1.0
1.0
1.0
1.0
0.91789
0.88085
1.0
0.93997
0.89932
1.0
1.0
0.94512
1.0
1.0
1.0
1.0
1.0
1.0
1.0
1.0
1.0
1.0
1.0
1.0
0.98896
1.0
0.9874
0.97524
1.0
1.0
0.97673
0.99876
1.0
1.0
1.0
1.0
0.9503
1.0
1.0
1.0
1.0
0.93171
1.0
1.0
1.0
1.0
0.90453
1.0
0.94289
1.0
1.0
1.0
1.0
0.99184
0.8885
1.0
0.96353
1.0
1.0
1.0
1.0
1.0
0.8874
1.0
0.92577
1.0
1.0
1.0
1.0
1.0
1.0
1.0
0.86372
1.0
0.90778
1.0
1.0
1.0
1.0
1.0
1.0
0.92841
1.0
1.0
1.0
1.0
0.83409
0.99207
1.0
1.0
1.0
1.0
1.0
1.0
1.0
1.0
1.0
1.0
1.0
0.92651
1.0
1.0
0.93535
1.0
1.0
1.0
1.0
0.97078
0.9185
0.94879
1.0
1.0
1.0
1.0
0.93456
1.0
0.87613
1.0
1.0
1.0
1.0
1.0
1.0
0.96923
1.0
1.0
0.85861
1.0
0.91548
0.97589
1.0
1.0
1.0
1.0
1.0
1.0
0.92756
1.0
1.0
1.0
1.0
0.91786
1.0
1.0
1.0
1.0
1.0
0.93556
1.0
0.95887
1.0
1.0
0.9136
1.0
1.0
1.0
1.0
1.0
1.0
1.0
0.87023
1.0
1.0
0.91693
0.89321
0.93029
1.0
1.0
1.0
1.0
1.0
1.0
1.0
1.0
1.0
1.0
1.0
1.0
1.0
1.0
1.0
0.94623
0.98924
1.0
0.94665
1.0
1.0
1.0
0.99551
1.0
1.0
1.0
1.0
1.0
1.0
1.0
1.0
1.0
0.8182
1.0
0.96493
1.0
1.0
0.93268
1.0
1.0
1.0
1.0
0.97778
1.0
0.96117
1.0
0.93481
1.0
1.0
1.0
1.0
1.0
1.0
1.0
0.83657
1.0
1.0
0.91099
1.0
0.77154
0.88507
0.91086
1.0
0.98485
1.0
1.0
0.96412
1.0
1.0
1.0
1.0
1.0
1.0
1.0
1.0
1.0
0.98462
1.0
1.0
0.84174
1.0
1.0
1.0
1.0
0.95017
1.0
0.94246
0.99275
1.0
1.0
1.0
1.0
1.0
1.0
0.92538
1.0
1.0
1.0
1.0
0.95835
1.0
1.0
1.0
1.0
1.0
1.0
0.93175
1.0
0.93359
1.0
0.9882
1.0
1.0
0.95696
1.0
1.0
0.91306
0.97433
1.0
1.0
1.0
0.92708
1.0
1.0
1.0
0.95965
1.0
1.0
0.89188
1.0
1.0
0.99533
1.0
1.0
1.0
0.95728
1.0
0.97728
1.0
1.0
0.9241
1.0
1.0
1.0
0.97288
1.0
1.0
1.0
0.85282
1.0
1.0
0.9875
1.0
1.0
1.0
0.95566
1.0
0.95833
1.0
1.0
0.84426
0.92863
1.0
1.0
1.0
0.97615
0.91674
1.0
1.0
1.0
1.0
1.0
1.0
1.0
1.0
1.0
1.0
1.0
0.92958
1.0
1.0
1.0
0.93536
1.0
1.0
0.91806
0.99247
1.0
1.0
1.0
0.9426
0.93289
1.0
0.99228
0.94037
1.0
1.0
1.0
1.0
1.0
1.0
1.0
1.0
1.0
1.0
1.0
1.0
1.0
0.9668
1.0
1.0
1.0
1.0
1.0
1.0
1.0
1.0
0.90975
1.0
0.85223
1.0
1.0
1.0
0.91545
1.0
1.0
1.0
1.0
0.97977
1.0
1.0
1.0
1.0
1.0
1.0
1.0
0.90088
1.0
1.0
1.0
1.0
1.0
1.0
1.0
1.0
0.93995
1.0
1.0
1.0
0.94369
1.0
1.0
1.0
1.0
1.0
1.0
1.0
1.0
1.0
1.0
1.0
1.0
1.0
1.0
1.0
1.0
1.0
1.0
1.0
0.95292
1.0
0.93157
1.0
0.98578
1.0
1.0
1.0
1.0
1.0
1.0
1.0
1.0
1.0
1.0
1.0
1.0
1.0
1.0
1.0
0.99564
0.96013
1.0
1.0
1.0
0.97509
1.0
0.9664
0.92327
0.99474
1.0
1.0
0.89203
1.0
1.0
1.0
1.0
1.0
1.0
1.0
1.0
1.0
1.0
1.0
0.85553
1.0
1.0
1.0
1.0
1.0
1.0
1.0
1.0
0.97095
1.0
1.0
1.0
0.99606
0.99572
1.0
1.0
1.0
0.92042
1.0
1.0
0.88471
1.0
1.0
1.0
0.96138
1.0
0.99394
1.0
1.0
1.0
1.0
0.9757
0.91264
1.0
0.99291
1.0
1.0
0.93653
1.0
1.0
1.0
1.0
1.0
0.94291
0.9871
1.0
1.0
1.0
1.0
0.96169
1.0
1.0
1.0
1.0
0.83816
1.0
1.0
1.0
1.0
1.0
1.0
1.0
1.0
1.0
1.0
0.91046
1.0
1.0
0.88164
1.0
0.96616
0.95079
1.0
0.93392
1.0
1.0
1.0
0.94792
0.975
1.0
1.0
1.0
1.0
1.0
0.92252
0.88012
1.0
0.91086
1.0
0.95932
1.0
0.98387
1.0
1.0
0.95547
1.0
0.91089
1.0
0.97432
1.0
0.874
1.0
0.86933
1.0
1.0
0.8958
0.92485
0.97192
1.0
1.0
1.0
1.0
1.0
0.99394
1.0
1.0
1.0
1.0
1.0
1.0
0.98146
1.0
0.90858
1.0
1.0
1.0
0.909
0.97685
1.0
1.0
0.97831
1.0
1.0
1.0
0.92114
1.0
1.0
0.99775
1.0
1.0
0.97393
0.92946
1.0
1.0
1.0
0.94767
1.0
1.0
1.0
1.0
1.0
1.0
1.0
1.0
0.92435
1.0
1.0
1.0
0.94244
1.0
1.0
1.0
1.0
1.0
0.94228
1.0
1.0
0.86328
1.0
1.0
1.0
1.0
1.0
1.0
1.0
1.0
1.0
1.0
1.0
1.0
0.88247
0.91993
1.0
1.0
1.0
0.91151
0.87152
1.0
0.79943
1.0
0.82663
0.99459
0.7931
1.0
1.0
1.0
1.0
1.0
1.0
1.0
1.0
1.0
0.97453
1.0
1.0
1.0
1.0
1.0
1.0
1.0
1.0
1.0
1.0
1.0
1.0
1.0
1.0
1.0
0.95633
1.0
1.0
0.88357
1.0
0.94693
0.88808
1.0
0.95896
0.99024
0.98168
1.0
0.98817
1.0
1.0
1.0
1.0
1.0
1.0
1.0
1.0
0.9584
1.0
0.843
0.93778
1.0
0.90615
1.0
0.96491
0.93333
1.0
0.91283
0.81957
1.0
1.0
1.0
0.83875
1.0
1.0
0.98198
1.0
1.0
1.0
1.0
1.0
1.0
1.0
1.0
1.0
1.0
1.0
1.0
1.0
1.0
1.0
1.0
1.0
0.956
1.0
0.91169
0.85935
1.0
0.96908
0.90283
0.96667
0.83039
0.93224
0.92224
1.0
1.0
0.97007
1.0
1.0
1.0
0.98471
1.0
1.0
0.92495
1.0
0.97412
1.0
1.0
1.0
1.0
1.0
0.90696
1.0
1.0
1.0
1.0
0.91341
0.94115
1.0
0.97508
1.0
1.0
1.0
1.0
1.0
0.99386
1.0
1.0
1.0
1.0
1.0
1.0
0.91512
0.92581
0.94475
0.90083
0.99719
1.0
1.0
1.0
1.0
1.0
0.85486
1.0
1.0
0.8681
0.93476
0.89246
1.0
1.0
1.0
1.0
1.0
1.0
1.0
0.94827
1.0
1.0
1.0
1.0
1.0
1.0
1.0
1.0
1.0
1.0
1.0
1.0
0.97433
1.0
1.0
1.0
1.0
1.0
1.0
1.0
1.0
1.0
0.92038
0.95601
0.96156
0.92851
0.88296
1.0
1.0
1.0
1.0
1.0
1.0
1.0
1.0
0.98091
1.0
1.0
1.0
1.0
1.0
1.0
1.0
1.0
1.0
1.0
1.0
1.0
1.0
0.89142
1.0
1.0
1.0
0.98667
1.0
0.96381
0.87995
1.0
1.0
1.0
1.0
0.99042
0.95903
1.0
1.0
1.0
0.94754
0.95541
0.85803
0.94825
1.0
0.86156
0.91731
0.95061
0.8439
0.92221
1.0
1.0
1.0
1.0
0.96841
1.0
1.0
1.0
0.91988
1.0
1.0
1.0
0.98442
1.0
1.0
0.95244
1.0
0.96002
1.0
1.0
1.0
1.0
1.0
0.9713
1.0
1.0
1.0
1.0
1.0
1.0
1.0
1.0
0.93746
0.8727
1.0
0.90809
1.0
1.0
1.0
1.0
0.88583
1.0
1.0
1.0
0.97867
1.0
1.0
1.0
1.0
1.0
1.0
1.0
1.0
1.0
1.0
1.0
1.0
0.9504
1.0
0.91437
0.93904
0.9974
0.95672
1.0
0.84609
1.0
1.0
1.0
1.0
0.92513
0.93932
1.0
0.98413
0.90482
1.0
1.0
1.0
1.0
1.0
0.95504
1.0
0.97657
0.99388
1.0
1.0
1.0
1.0
1.0
1.0
0.87965
0.93516
1.0
1.0
1.0
0.92054
1.0
1.0
1.0
0.96125
1.0
1.0
1.0
1.0
1.0
0.87647
1.0
1.0
1.0
1.0
1.0
1.0
1.0
1.0
1.0
1.0
0.90643
1.0
1.0
0.86404
1.0
1.0
1.0
0.8955
1.0
1.0
1.0
1.0
1.0
1.0
1.0
1.0
0.97953
1.0
0.73986
1.0
0.96368
1.0
0.94582
1.0
1.0
1.0
1.0
1.0
1.0
0.96031
0.88125
1.0
0.95105
1.0
0.84707
1.0
0.86728
1.0
0.8979
0.88155
1.0
0.90587
0.94366
1.0
0.91339
0.68995
1.0
1.0
1.0
1.0
1.0
1.0
1.0
1.0
0.86679
1.0
1.0
1.0
1.0
1.0
1.0
1.0
0.97611
1.0
0.94821
1.0
1.0
1.0
1.0
1.0
1.0
1.0
0.86977
0.9792
1.0
1.0
1.0
0.9554
1.0
1.0
0.86264
0.9261
0.92637
1.0
0.91675
1.0
0.92307
0.9275
0.85576
0.87973
1.0
1.0
1.0
0.97999
1.0
1.0
1.0
1.0
0.88158
1.0
1.0
0.96471
1.0
1.0
0.98427
1.0
1.0
1.0
0.80956
0.99719
1.0
0.88865
1.0
0.98571
1.0
1.0
0.97549
1.0
0.90224
1.0
0.98459
1.0
1.0
1.0
0.95317
0.99714
1.0
0.99904
1.0
1.0
1.0
1.0
1.0
1.0
1.0
0.99265
1.0
1.0
1.0
1.0
0.99615
0.84297
1.0
1.0
1.0
0.97947
1.0
0.99591
0.977
1.0
0.98816
1.0
0.95232
1.0
1.0
1.0
1.0
1.0
1.0
1.0
1.0
0.93698
1.0
0.94548
1.0
1.0
1.0
1.0
1.0
1.0
0.90059
0.92741
1.0
1.0
0.9942
1.0
1.0
1.0
1.0
1.0
0.92232
0.92877
1.0
1.0
0.90211
1.0
1.0
1.0
0.98403
0.91461
1.0
1.0
1.0
1.0
0.86159
1.0
1.0
0.99233
0.97982
0.76218
1.0
0.93128
0.98461
0.92119
1.0
0.92374
1.0
1.0
1.0
0.93045
0.94917
1.0
0.99191
1.0
1.0
0.95102
1.0
0.92143
1.0
1.0
1.0
1.0
1.0
1.0
0.93025
1.0
0.93147
1.0
1.0
1.0
1.0
1.0
0.96323
1.0
1.0
1.0
1.0
1.0
1.0
1.0
1.0
0.96646
1.0
0.99768
0.98333
1.0
1.0
0.94124
1.0
1.0
1.0
1.0
1.0
0.91472
1.0
1.0
0.97497
0.94964
1.0
1.0
1.0
1.0
1.0
1.0
1.0
1.0
1.0
0.93685
0.90723
1.0
1.0
0.88936
0.98503
1.0
0.91767
1.0
0.87934
0.94298
0.92855
1.0
0.95518
0.98413
0.95951
0.94212
1.0
1.0
1.0
1.0
0.88514
1.0
1.0
1.0
0.92329
0.90442
0.95794
1.0
1.0
1.0
1.0
0.91685
1.0
1.0
1.0
1.0
1.0
1.0
1.0
0.96083
1.0
0.96713
1.0
0.77678
1.0
0.96631
1.0
1.0
0.88914
1.0
1.0
1.0
0.97814
1.0
0.97531
1.0
1.0
1.0
0.87304
1.0
1.0
0.89471
1.0
1.0
1.0
0.99863
1.0
1.0
1.0
1.0
1.0
0.99238
1.0
1.0
0.87748
1.0
1.0
1.0
1.0
1.0
1.0
0.95609
1.0
1.0
1.0
1.0
1.0
1.0
0.98549
0.98658
1.0
1.0
0.9641
1.0
1.0
1.0
1.0
0.92189
1.0
0.80884
1.0
1.0
0.92001
0.98198
1.0
1.0
0.84188
1.0
1.0
1.0
0.95019
1.0
1.0
1.0
0.98857
1.0
1.0
0.90058
1.0
1.0
1.0
1.0
0.95167
0.97749
1.0
1.0
1.0
0.96375
1.0
1.0
1.0
1.0
1.0
1.0
1.0
1.0
1.0
1.0
0.9467
1.0
1.0
1.0
0.9462
1.0
1.0
1.0
1.0
1.0
0.92262
0.90861
1.0
1.0
1.0
1.0
1.0
1.0
1.0
1.0
1.0
0.99443
1.0
1.0
1.0
1.0
1.0
1.0
1.0
0.98694
1.0
1.0
1.0
0.96894
0.81842
1.0
1.0
1.0
1.0
1.0
1.0
0.92192
1.0
1.0
1.0
0.88102
1.0
1.0
1.0
1.0
0.99675
1.0
0.93944
0.98889
1.0
1.0
0.84287
1.0
0.90628
0.99824
0.92091
1.0
0.9777
1.0
1.0
1.0
0.96199
0.9543
1.0
1.0
1.0
1.0
1.0
1.0
0.91971
1.0
0.98186
0.87926
0.94385
0.98289
0.97456
0.99359
1.0
0.99065
1.0
1.0
1.0
0.97735
1.0
1.0
1.0
0.88019
0.90479
1.0
1.0
0.967
1.0
1.0
0.96709
1.0
1.0
1.0
1.0
1.0
0.94756
1.0
1.0
0.92158
1.0
1.0
1.0
1.0
1.0
1.0
1.0
1.0
1.0
1.0
0.9974
1.0
1.0
1.0
1.0
1.0
1.0
1.0
1.0
0.98839
1.0
1.0
0.97607
1.0
0.86071
1.0
0.87248
1.0
1.0
1.0
1.0
1.0
1.0
0.91539
1.0
1.0
0.93249
1.0
0.89144
1.0
0.94153
0.9581
1.0
0.87819
1.0
0.91677
0.99027
0.84121
1.0
0.93194
1.0
0.99169
1.0
1.0
1.0
1.0
1.0
1.0
1.0
1.0
1.0
0.91925
0.87625
1.0
1.0
1.0
1.0
1.0
1.0
0.9654
1.0
1.0
1.0
0.97594
1.0
1.0
0.92957
1.0
1.0
1.0
1.0
0.99276
1.0
1.0
1.0
1.0
0.95037
1.0
0.93874
1.0
0.99412
1.0
0.92923
1.0
1.0
1.0
0.99775
1.0
1.0
1.0
0.91212
1.0
1.0
1.0
1.0
1.0
0.92956
0.9359
1.0
1.0
0.85844
1.0
0.91858
1.0
1.0
1.0
1.0
1.0
1.0
1.0
1.0
0.98693
1.0
1.0
1.0
0.99184
1.0
1.0
1.0
1.0
1.0
0.98735
1.0
1.0
0.82016
0.91835
1.0
1.0
0.94374
0.84195
1.0
1.0
1.0
1.0
1.0
1.0
1.0
1.0
1.0
1.0
0.94037
1.0
1.0
0.94381
1.0
1.0
1.0
0.98822
1.0
1.0
1.0
0.94462
1.0
1.0
1.0
1.0
1.0
1.0
1.0
1.0
1.0
0.85964
1.0
0.90622
1.0
0.88086
1.0
1.0
1.0
0.87518
1.0
1.0
1.0
1.0
1.0
1.0
0.97195
0.94776
1.0
0.96491
0.94365
0.98217
0.96288
0.90986
1.0
1.0
0.97053
1.0
1.0
0.97835
1.0
1.0
1.0
0.89032
1.0
1.0
1.0
1.0
0.78251
0.92924
1.0
1.0
1.0
1.0
1.0
1.0
1.0
0.91151
1.0
0.97913
1.0
1.0
1.0
1.0
0.9224
1.0
1.0
0.97028
1.0
1.0
1.0
1.0
0.99429
1.0
1.0
1.0
1.0
1.0
1.0
1.0
1.0
1.0
0.86087
0.99574
1.0
1.0
1.0
0.96096
1.0
1.0
1.0
1.0
0.97808
1.0
1.0
1.0
1.0
1.0
1.0
1.0
1.0
1.0
1.0
1.0
1.0
1.0
1.0
1.0
1.0
1.0
0.88193
1.0
1.0
0.90922
1.0
1.0
0.84367
1.0
1.0
1.0
1.0
1.0
0.86089
0.83111
1.0
1.0
0.90566
1.0
0.96492
1.0
1.0
1.0
1.0
1.0
1.0
0.85111
1.0
1.0
1.0
1.0
1.0
0.93083
0.92719
1.0
1.0
1.0
0.88566
1.0
1.0
1.0
1.0
0.92138
1.0
0.95038
0.91034
1.0
0.95484
1.0
1.0
1.0
1.0
1.0
1.0
0.95334
1.0
1.0
1.0
0.93604
1.0
1.0
1.0
1.0
1.0
0.98408
1.0
0.97095
1.0
1.0
0.91283
0.97745
1.0
1.0
0.98165
0.89815
1.0
1.0
0.86683
0.97989
1.0
0.85878
1.0
0.95186
1.0
0.9639
0.90625
1.0
1.0
1.0
1.0
0.9258
0.94176
1.0
0.98231
1.0
1.0
1.0
1.0
1.0
0.97123
0.88277
1.0
1.0
0.8769
0.96209
1.0
1.0
0.877
0.95402
0.97301
1.0
0.95646
1.0
0.97179
1.0
1.0
1.0
1.0
1.0
