0.50093
0.54444
0.59788
0.52778
0.47778
0.68224
0.51455
0.55344
0.86296
0.42063
0.42063
0.50093
0.59074
0.42593
0.29894
0.42063
0.33704
0.72155
0.51455
0.68889
0.6413
0.47619
0.45765
0.68116
0.51449
0.43237
0.66224
0.58454
0.51056
0.64251
0.30952
0.43651
0.57464
0.52899
0.44686
0.4127
0.44686
0.53016
0.59903
0.3913
0.53613
0.55882
0.4951
0.50588
0.31699
0.53922
0.55065
0.53105
0.55065
0.67843
0.33922
0.53613
0.48105
0.46405
0.44771
0.64216
0.59216
0.55065
0.55065
0.6028
0.59885
0.43434
0.61742
0.57879
0.61616
0.43889
0.4798
0.36364
0.4596
0.53283
0.44949
0.44949
0.53889
0.41053
0.44949
0.39268
0.58052
0.51313
0.53283
0.48409
0.4127
0.47009
0.45463
0.40675
0.49697
0.0
0.53283
0.51389
0.30556
0.46389
0.44444
0.54167
0.46389
0.4596
0.52778
0.38889
0.47778
0.58291
0.54722
0.61389
0.59735
0.47778
0.64057
0.43519
0.48148
0.0
0.53069
0.65741
0.29894
0.61111
0.67407
0.31481
0.57037
0.44444
0.46296
0.65939
0.56349
0.53333
0.44444
0.56759
0.56111
0.43889
0.48333
0.58333
0.46111
0.41667
0.49167
0.53333
0.47222
0.53889
0.4619
0.0
0.53889
0.47222
0.59048
0.55
0.59048
0.50714
0.43889
0.62778
0.44048
0.46032
0.63757
0.44048
0.49206
0.54365
0.52738
0.52381
0.55714
0.46032
0.46032
0.49206
0.56746
0.46825
0.51429
0.57143
0.55714
0.0
0.56746
0.41865
0.41511
0.57681
0.57288
0.45765
0.54746
0.62681
0.3913
0.72464
0.57723
0.62681
0.44686
0.47585
0.4808
0.4913
0.58454
0.5667
0.57723
0.5058
0.55024
0.4657
0.5881
0.53889
0.64495
0.50714
0.47222
0.33333
0.58333
0.47222
0.52143
0.53889
0.47222
0.31111
0.53889
0.31111
0.58333
0.55
0.50714
0.52222
0.43889
0.49167
0.86316
0.67847
0.74062
0.44152
0.55263
0.46832
0.59248
0.59248
0.48684
0.65702
0.49708
0.38596
0.36842
0.55263
0.65284
0.66715
0.66701
0.55263
0.56272
0.52749
0.5463
0.5216
0.4963
0.57037
0.49136
0.42593
0.57407
0.42593
0.63757
0.5216
0.40123
0.45926
0.53673
0.4127
0.60185
0.38426
0.61618
0.51223
0.56605
0.40212
0.41053
0.56869
0.55483
0.3303
0.43434
0.6544
0.6202
0.59091
0.51385
0.62381
0.55076
0.51385
0.57879
0.53571
0.61869
0.55437
0.58936
0.55076
0.58052
0.5127
0.41771
0.44152
0.52105
0.43421
0.47953
0.47953
0.49605
0.57018
0.31287
0.44152
0.44152
0.47953
0.53509
0.55263
0.50175
0.59248
0.55764
0.52882
0.44152
0.39985
0.52778
0.36508
0.65296
0.32899
0.47343
0.46889
0.54167
0.51449
0.53019
0.54444
0.54167
0.32899
0.55354
0.52899
0.52556
0.47727
0.42063
0.54
0.59489
0.50405
0.56349
0.5463
0.52593
0.58889
0.5463
0.44444
0.43122
0.53704
0.53704
0.5463
0.55556
0.57037
0.51852
0.48148
0.47778
0.58333
0.42063
0.55344
0.5463
0.40741
0.4798
0.41453
0.50071
0.49573
0.41453
0.4303
0.4359
0.38462
0.55311
0.57479
0.49915
0.46581
0.46581
0.55128
0.44231
0.54304
0.49915
0.56923
0.42564
0.41919
0.60317
0.8381
0.46164
0.84167
0.43651
0.33175
0.58413
0.5873
0.49841
0.55714
0.43651
0.51984
0.53571
0.51984
0.64087
0.46984
0.53571
0.61508
0.33175
0.4127
0.55754
0.39683
0.53492
0.48016
0.5873
0.33175
0.53492
0.82222
0.4127
0.62381
0.58413
0.60847
0.45238
0.62302
0.51746
0.56133
0.56085
0.68181
0.64087
0.52381
0.42758
0.48472
0.54167
0.42083
0.53472
0.4375
0.40972
0.72917
0.47024
0.59722
0.40972
0.45139
0.52083
0.42083
0.6
0.42758
0.53869
0.45139
0.46528
0.45833
0.50476
0.45148
0.38667
0.52556
0.45524
0.52556
0.47
0.43
0.64349
0.57333
0.57889
0.42889
0.51333
0.58222
0.46222
0.28857
0.42889
0.58
0.42889
0.57143
0.56667
0.53333
0.56061
0.43333
0.51111
0.34444
0.53333
0.56061
0.48918
0.48889
0.5303
0.68333
0.52222
0.47778
0.36667
0.47778
0.59343
0.61616
0.62929
0.55
0.41048
0.54915
0.35159
0.57681
0.42889
0.47009
0.49915
0.40508
0.47009
0.60855
0.55918
0.57692
0.49176
0.51333
0.49231
0.38568
0.41511
0.5547
0.57143
0.46889
0.52143
0.0
0.46481
0.67222
0.53333
0.0
0.64643
0.64048
0.52619
0.46111
0.65
0.53333
0.53519
0.71667
0.53509
0.53333
0.53333
0.66667
0.58889
0.45
0.56667
0.57778
0.73333
0.52222
0.51111
0.68333
0.60556
0.0
0.67143
0.64815
0.64444
0.55556
0.4
0.63889
0.68995
0.0
0.49524
0.64167
0.65714
0.54074
0.65524
0.62558
0.62675
0.65169
0.54723
0.59057
0.73684
0.60537
0.72177
0.67064
0.54797
0.59605
0.5596
0.56806
0.6374
0.6573
0.58398
0.48099
0.67903
0.55456
0.52899
0.56266
0.5789
0.55304
0.59284
0.56058
0.63294
0.57943
0.7186
0.47017
0.67092
0.66507
0.66723
0.43303
0.64901
0.65878
0.613
0.73736
0.55344
0.67691
0.68597
0.59328
0.59946
0.61739
0.64217
0.53524
0.64845
0.50206
0.60247
0.74803
0.75219
0.55519
0.71086
0.64367
0.64506
0.49762
0.64375
0.5517
0.5115
0.66572
0.6414
0.65092
0.63155
0.65786
0.61696
0.63649
0.66997
0.67024
0.59642
0.66099
0.66349
0.49067
0.52189
0.73546
0.63679
0.72819
0.68796
0.7148
0.64449
0.58111
0.71188
0.66917
0.56711
0.57359
0.49863
0.60544
0.59912
0.62882
0.56019
0.65198
0.59288
0.69346
0.51943
0.59547
0.66701
0.71962
0.67692
0.57925
0.5194
0.61529
0.5011
0.60994
0.54087
0.69563
0.60579
0.64398
0.50487
0.65707
0.62158
0.65583
0.70701
0.54302
0.69195
0.56459
0.65095
0.66968
0.58459
0.56219
0.64066
0.5611
0.55234
0.62989
0.69331
0.56441
0.61457
0.68088
0.58868
0.54402
0.67686
0.60904
0.63971
0.61016
0.57133
0.71187
0.50253
0.62208
0.5303
0.62421
0.60267
0.71409
0.64633
0.57621
0.46741
0.53578
0.73924
0.57614
0.73175
0.54035
0.69465
0.62503
0.6809
0.69421
0.55388
0.6488
0.76656
0.69167
0.58835
0.59076
0.5672
0.69259
0.68558
0.64657
0.5231
0.65851
0.66079
0.68967
0.62254
0.54434
0.72014
0.67157
0.60066
0.65791
0.57146
0.60101
0.51523
0.745
0.54563
0.5552
0.51046
0.68241
0.6889
0.55307
0.55726
0.65875
0.6228
0.59608
0.67998
0.65632
0.63366
0.53118
0.68316
0.71033
0.66553
0.72973
0.6265
0.64825
0.65762
0.67498
0.63962
0.73259
0.69262
0.65294
0.61784
0.68095
0.6405
0.65868
0.67492
0.58646
0.68746
0.52662
0.63663
0.81865
0.58634
0.70907
0.62205
0.47642
0.57369
0.53366
0.59141
0.67921
0.61
0.59769
0.65075
0.68749
0.67646
0.67938
0.6764
0.70341
0.70859
0.72044
0.58216
0.70443
0.67918
0.64285
0.53751
0.54239
0.0
0.71293
0.71128
0.65369
0.56111
0.63492
0.67214
0.59405
0.64215
0.69298
0.60439
0.57679
0.55999
0.56794
0.69203
0.73101
0.63967
0.70417
0.61998
0.72439
0.56762
0.71856
0.49381
0.69871
0.49186
0.6589
0.67222
0.61965
0.59664
0.64722
0.51515
0.64097
0.4651
0.73758
0.66775
0.58075
0.61442
0.60866
0.55597
0.52381
0.5776
0.55961
0.6767
0.51327
0.72473
0.70628
0.56299
0.51481
0.63164
0.67947
0.56988
0.50137
0.55255
0.59791
0.6038
0.58177
0.56364
0.53883
0.55571
0.66789
0.5655
0.61636
0.53056
0.65586
0.51282
0.61854
0.5871
0.54095
0.6929
0.64091
0.74753
0.56944
0.60878
0.62356
0.48914
0.58525
0.57057
0.54736
0.56355
0.66306
0.70476
0.67265
0.67351
0.61783
0.64398
0.5294
0.64054
0.67738
0.63489
0.62358
0.49093
0.62542
0.60676
0.70658
0.70014
0.63488
0.55311
0.69769
0.55638
0.69906
0.69239
0.63615
0.54575
0.7049
0.0
0.57345
0.61864
0.70943
0.64923
0.60841
0.52687
0.60039
0.63567
0.64654
0.64349
0.62486
0.60822
0.67372
0.72557
0.60271
0.60916
0.57149
0.72213
0.66706
0.69132
0.69006
0.68359
0.66809
0.0
0.0
0.51269
0.67121
0.54945
0.61099
0.63326
0.56863
0.74167
0.6401
0.65837
0.59723
0.66126
0.67541
0.58502
0.69188
0.53341
0.73576
0.50336
0.57101
0.43544
0.71091
0.61778
0.72779
0.64276
0.69329
0.65799
0.67554
0.64336
0.63809
0.57398
0.65974
0.52137
0.59378
0.67557
0.47706
0.75367
0.49335
0.56413
0.62881
0.6747
0.63781
0.55706
0.55365
0.66197
0.55447
0.7156
0.60233
0.61111
0.58514
0.5377
0.63545
0.62777
0.52577
0.73211
0.52538
0.53629
0.60657
0.68309
0.5739
0.55049
0.62164
0.52258
0.51941
0.54412
0.56313
0.58678
0.61154
0.70567
0.55497
0.61196
0.73734
0.68582
0.55775
0.61429
0.56944
0.59503
0.57585
0.5539
0.60675
0.65083
0.54951
0.5731
0.73262
0.60602
0.56804
0.59452
0.5384
0.60746
0.54026
0.73725
0.65723
0.58966
0.57374
0.56916
0.6074
0.52592
0.50676
0.60791
0.71266
0.60225
0.73743
0.63167
0.78673
0.66108
0.69799
0.57778
0.62032
0.70019
0.74652
0.63858
0.59992
0.66439
0.63635
0.7014
0.61822
0.64394
0.63842
0.59753
0.59562
0.59356
0.62118
0.58786
0.60932
0.65748
0.70485
0.70731
0.60206
0.64444
0.58998
0.6843
0.58396
0.57421
0.47111
0.62637
0.54618
0.61645
0.43693
0.66469
0.50864
0.57947
0.63195
0.64923
0.58496
0.45556
0.53175
0.67541
0.6254
0.64057
0.45211
0.64198
0.56781
0.65008
0.55351
0.54307
0.60361
0.60456
0.65753
0.65596
0.50117
0.73726
0.56098
0.56324
0.75969
0.63003
0.59721
0.62737
0.60814
0.64115
0.62974
0.68684
0.70931
0.68753
0.69163
0.67411
0.66299
0.52856
0.72177
0.56936
0.61416
0.77648
0.68942
0.64456
0.74566
0.74744
0.6004
0.64736
0.76153
0.58818
0.55601
0.64736
0.57955
0.6314
0.63432
0.59925
0.56585
0.69876
0.63312
0.6799
0.63075
0.66936
0.58781
0.69099
0.54507
0.61823
0.71334
0.62854
0.51606
0.5943
0.56279
0.62121
0.6361
0.55926
0.63414
0.61997
0.60878
0.49585
0.65857
0.61391
0.69536
0.62553
0.60363
0.72032
0.56614
0.57197
0.63311
0.7188
0.62525
0.58316
0.58349
0.57776
0.70144
0.56117
0.65611
0.76583
0.60667
0.68923
0.7361
0.71136
0.68151
0.73766
0.53357
0.7546
0.6574
0.6604
0.63796
0.62487
0.60074
0.6318
0.54997
0.53583
0.63115
0.70197
0.61036
0.58593
0.61607
0.65186
0.6822
0.6869
0.56274
0.69602
0.53463
0.53583
0.66869
0.70751
0.66246
0.59925
0.67949
0.67893
0.62193
0.67485
0.59698
0.66055
0.64002
0.61404
0.63336
0.69716
0.61976
0.5978
0.53364
0.6259
0.70398
0.6338
0.62996
0.52041
0.61606
0.69643
0.64948
0.62041
0.55822
0.7361
0.62492
0.62308
0.66881
0.73242
0.59583
0.64065
0.5682
0.5443
0.63017
0.55448
0.73517
0.69813
0.52544
0.64109
0.63796
0.57603
0.73567
0.55462
0.56741
0.60719
0.71855
0.55208
0.65758
0.68114
0.6188
0.59942
0.58792
0.63718
0.66002
0.57817
0.64788
0.62413
0.7475
0.60507
0.70899
0.66813
0.70096
0.73017
0.60449
0.68095
0.62778
0.63889
0.62365
0.51739
0.0
0.67256
0.44109
0.65506
0.69072
0.53863
0.63114
0.64183
0.61976
0.62978
0.52859
0.57912
0.63913
0.58633
0.62672
0.59076
0.57565
0.64181
0.63146
0.67358
0.5499
0.64829
0.68577
0.60989
0.71387
0.56029
0.67347
0.54206
0.63262
0.53373
0.60436
0.68586
0.61417
0.5996
0.6664
0.63434
0.5226
0.68018
0.66384
0.70595
0.6486
0.63133
0.61774
0.48822
0.71887
0.70827
0.57022
0.5502
0.67233
0.66721
0.73345
0.60871
0.54027
0.6304
0.66126
0.58704
0.62513
0.65117
0.54004
0.63889
0.68375
0.62205
0.56752
0.0
0.77006
0.66385
0.59369
0.64851
0.65438
0.62487
0.56848
0.72178
0.37847
0.62209
0.64646
0.58842
0.72093
0.74417
0.69785
0.60889
0.55309
0.6384
0.62494
0.54286
0.53912
0.61805
0.6701
0.53243
0.66409
0.65225
0.61516
0.65202
0.71552
0.57124
0.72455
0.53317
0.62308
0.67138
0.5508
0.60229
0.68442
0.64198
0.66518
0.59784
0.51955
0.56421
0.61996
0.6545
0.0
0.65378
0.63486
0.63259
0.49726
0.473
0.66667
0.59394
0.63827
0.59223
0.59732
0.60526
0.55813
0.60074
0.61505
0.57143
0.45635
0.5418
0.47727
0.65327
0.50562
0.61639
0.62257
0.6149
0.58999
0.43569
0.54624
0.57925
0.63107
0.57764
0.48999
0.49603
0.64464
0.72
0.6675
0.56732
0.57722
0.59805
0.57032
0.59391
0.62061
0.55299
0.46046
0.59489
0.57853
0.46952
0.52749
0.49381
0.56944
0.5783
0.5302
0.58254
0.52579
0.53179
0.55569
0.63543
0.4
0.64026
0.55551
0.50794
0.70114
0.697
0.51564
0.54563
0.64628
0.61717
0.50476
0.59689
0.56909
0.51004
0.59799
0.68998
0.55557
0.67347
0.66647
0.56067
0.72643
0.47071
0.51423
0.59488
0.55061
0.71931
0.64052
0.65451
0.51111
0.49981
0.53687
0.60333
0.55569
0.52628
0.61283
0.58881
0.60299
0.53723
0.59019
0.64768
0.59944
0.61453
0.51111
0.72892
0.48382
0.58254
0.64465
0.59725
0.69436
0.575
0.6775
0.62591
0.52937
0.48288
0.60504
0.68
0.56729
0.66736
0.75747
0.52451
0.66167
0.5871
0.63472
0.59495
0.57826
0.58153
0.49835
0.57361
0.57222
0.5164
0.68444
0.51418
0.56209
0.3381
0.56944
0.60337
0.59259
0.5421
0.64853
0.56806
0.46581
0.67037
0.63199
0.5873
0.6732
0.56804
0.60755
0.58846
0.55778
0.53122
0.60638
0.51947
0.62768
0.52591
0.59163
0.57335
0.59188
0.72683
0.60231
0.6832
0.49551
0.49444
0.55931
0.54878
0.56657
0.58074
0.68257
0.64718
0.50505
0.49677
0.4435
0.66178
0.55065
0.67934
0.61179
0.61481
0.63316
0.67369
0.60991
0.6574
0.57222
0.58419
0.54381
0.53514
0.73333
0.61522
0.59621
0.62363
0.62222
0.67619
0.61856
0.64003
0.57937
0.5688
0.66349
0.55718
0.675
0.6122
0.54202
0.60309
0.66423
0.54989
0.67457
0.55651
0.61546
0.5302
0.53571
0.57122
0.60136
0.62629
0.64447
0.67742
0.57672
0.5469
0.58083
0.4632
0.62822
0.61587
0.50968
0.46926
0.58844
0.53723
0.63278
0.49982
0.39841
0.43611
0.5626
0.58072
0.58516
0.61407
0.62799
0.65278
0.67724
0.70945
0.67286
0.56389
0.56905
0.65463
0.63889
0.69512
0.71492
0.56389
0.58581
0.56111
0.51809
0.65722
0.64332
0.63133
0.6957
0.67783
0.49845
0.64069
0.55901
0.63961
0.70531
0.5875
0.62277
0.41786
0.55636
0.55602
0.48988
0.55435
0.52941
0.56512
0.59085
0.48963
0.52222
0.49295
0.60057
0.55291
0.625
0.67443
0.63723
0.63088
0.65621
0.547
0.50034
0.49008
0.49321
0.63548
0.66778
0.65293
0.70148
0.68984
0.48792
0.6345
0.54593
0.57517
0.61953
0.68097
0.68751
0.74264
0.42758
0.45253
0.64301
0.55127
0.61214
0.69203
0.6573
0.53561
0.54513
0.64336
0.73461
0.7293
0.73035
0.59074
0.50773
0.47585
0.60123
0.59222
0.54539
0.52228
0.5533
0.52991
0.58699
0.61298
0.61114
0.57447
0.59716
0.59802
0.5455
0.48605
0.50807
0.46548
0.51762
0.61358
0.57222
0.63318
0.65867
0.69457
0.67045
0.48889
0.57381
0.54211
0.67563
0.65205
0.55908
0.56469
0.56667
0.6037
0.50896
0.63186
0.55353
0.6372
0.58761
0.62124
0.55187
0.50071
0.51893
0.53519
0.33889
0.58974
0.59003
0.52616
0.48364
0.54885
0.48862
0.5625
0.60131
0.68307
0.66364
0.64835
0.61496
0.5852
0.64196
0.54497
0.51987
0.53051
0.67854
0.64834
0.66092
0.689
0.6547
0.61353
0.48202
0.60867
0.59386
0.57372
0.5254
0.56871
0.596
0.62857
0.48712
0.67966
0.65211
0.76565
0.55043
0.5514
0.60467
0.58637
0.51388
0.57546
0.59765
0.61405
0.59444
0.5367
0.46645
0.56486
0.54355
0.6431
0.50713
0.51358
0.4989
0.60833
0.48712
0.58202
0.55647
0.57773
0.55991
0.59384
0.56275
0.51869
0.55287
0.49575
0.44405
0.55931
0.43254
0.57657
0.48567
0.69511
0.61646
0.62286
0.61929
0.69029
0.62256
0.55567
0.60444
0.57789
0.62054
0.5273
0.57407
0.48758
0.56657
0.41771
0.64687
0.48904
0.56497
0.632
0.59017
0.53133
0.50791
0.44771
0.54202
0.51508
0.5163
0.63344
0.64008
0.59113
0.55473
0.6058
0.54276
0.50236
0.54762
0.60666
0.51388
0.62593
0.55867
0.57867
0.56854
0.55556
0.59069
0.58881
0.58207
0.57744
0.65223
0.59464
0.59005
0.61154
0.60773
0.5951
0.5388
0.58915
0.47864
0.55439
0.59762
0.62629
0.63774
0.57958
0.58006
0.53114
0.54039
0.47141
0.6132
0.45043
0.52616
0.46474
0.56806
0.54848
0.48938
0.46667
0.65569
0.67431
0.62255
0.62981
0.68849
0.62878
0.58544
0.52309
0.48297
0.5002
0.66186
0.5959
0.59079
0.55789
0.53105
0.57896
0.58907
0.55149
0.68998
0.60839
0.67207
0.68163
0.62989
0.62121
0.50926
0.50773
0.40556
0.56658
0.48945
0.45355
0.61765
0.59921
0.61001
0.51715
0.6675
0.62252
0.63568
0.50855
0.60302
0.52265
0.59686
0.4598
0.69444
0.65211
0.6353
0.59487
0.63142
0.58006
0.58425
0.51092
0.5641
0.53771
0.62179
0.60835
0.5688
0.51852
0.50877
0.63524
0.61298
0.61333
0.63218
0.56222
0.58961
0.5469
0.58409
0.54355
0.59119
0.51843
0.55264
0.55859
0.47547
0.54343
0.42857
0.62626
0.68354
0.65977
0.66803
0.70086
0.64944
0.43237
0.50759
0.47826
0.66184
0.57703
0.59751
0.48889
0.52143
0.53333
0.4386
0.67222
0.63889
0.51355
0.58342
0.60556
0.71164
0.6802
0.46308
0.59489
0.5194
0.57484
0.60159
0.55041
0.5095
0.56041
0.64352
0.66135
0.70133
0.74078
0.68277
0.51836
0.5028
0.57853
0.69785
0.6183
0.66168
0.6267
0.6902
0.52222
0.56942
0.62381
0.6126
0.60878
0.541
0.53571
0.50952
0.64815
0.61799
0.63634
0.57893
0.48792
0.51056
0.49193
0.49831
0.62799
0.63961
0.6873
0.58069
0.57656
0.53322
0.67128
0.64783
0.62708
0.59096
0.65091
0.58419
0.60719
0.50137
0.53648
0.6567
0.64213
0.48291
0.56624
0.56296
0.65992
0.64955
0.58889
0.58645
0.53803
0.53954
0.47778
0.66186
0.61688
0.63278
0.54355
0.63286
0.56812
0.58486
0.55377
0.59192
0.49757
0.56678
0.54513
0.60292
0.66218
0.61844
0.60561
0.53995
0.64464
0.54513
0.68103
0.65788
0.62095
0.6038
0.6131
0.55972
0.61826
0.60444
0.5873
0.6789
0.57943
0.54597
0.5231
0.4
0.65722
0.56407
0.65501
0.67194
0.70881
0.74403
0.61765
0.5259
0.54578
0.50889
0.60566
0.51973
0.58286
0.63178
0.56085
0.57544
0.61
0.70741
0.61535
0.52282
0.58446
0.51836
0.57588
0.52376
0.64588
0.63099
0.68814
0.57799
0.52381
0.53911
0.60328
0.64481
0.6571
0.60427
0.58072
0.58333
0.59354
0.54211
0.69541
0.47738
0.58153
0.55283
0.57513
0.62473
0.52474
0.58487
0.69785
0.64195
0.65859
0.64766
0.62408
0.55602
0.64695
0.63911
0.55651
0.70216
0.62195
0.5235
0.47143
0.58006
0.58425
0.60299
0.44074
0.51058
0.55299
0.52616
0.59609
0.45556
0.53651
0.43519
0.66914
0.58472
0.61496
0.64118
0.525
0.54562
0.52338
0.52348
0.63185
0.60698
0.61239
0.56804
0.60937
0.52432
0.60476
0.51433
0.58004
0.62794
0.76198
0.63579
0.61154
0.61753
0.59854
0.58844
0.46019
0.6517
0.50972
0.60413
0.5514
0.56389
0.61134
0.56346
0.53091
0.64273
0.59681
0.67514
0.6312
0.63497
0.66425
0.55556
0.60913
0.57626
0.69336
0.64254
0.59136
0.55473
0.6237
0.5965
0.61933
0.63056
0.6043
0.55794
0.53072
0.54915
0.53513
0.46587
0.60342
0.5671
0.56535
0.51562
0.71501
0.6702
0.56404
0.59848
0.57278
0.60794
0.51852
0.63939
0.50877
0.65858
0.76305
0.55673
0.58987
0.57997
0.51836
0.52117
0.51905
0.65661
0.62407
0.63223
0.63764
0.60313
0.5164
0.47778
0.4612
0.57187
0.57884
0.55661
0.64135
0.57686
0.57064
0.6246
0.51138
0.60498
0.59048
0.68929
0.63316
0.63028
0.64921
0.64521
0.58072
0.53651
0.69111
0.55668
0.60508
0.63854
0.62438
0.57143
0.4881
0.5164
0.4973
0.63651
0.58285
0.5663
0.52209
0.58306
0.44949
0.62621
0.47068
0.66549
0.61278
0.68497
0.59048
0.57349
0.59119
0.40159
0.44898
0.51418
0.54497
0.57012
0.52423
0.64878
0.64444
0.63621
0.68803
0.75269
0.53148
0.66548
0.52222
0.57377
0.60556
0.5768
0.52628
0.47143
0.51385
0.5881
0.50979
0.58588
0.61467
0.51325
0.45704
0.60569
0.66535
0.61507
0.66321
0.67015
0.51746
0.65831
0.6192
0.62046
0.56624
0.64904
0.53484
0.58771
0.61089
0.57447
0.63783
0.58611
0.59447
0.53974
0.52966
0.52051
0.72446
0.58425
0.60444
0.5641
0.56184
0.54772
0.57398
0.54311
0.58955
0.50204
0.6062
0.61743
0.69118
0.67937
0.65513
0.64976
0.55427
0.59304
0.62917
0.49096
0.59843
0.63806
0.6582
0.63907
0.6375
0.51114
0.57052
0.57043
0.55508
0.64982
0.60802
0.66623
0.60719
0.68321
0.50423
0.56162
0.58488
0.55966
0.64871
0.61932
0.67487
0.73962
0.53924
0.52083
0.52489
0.78173
0.67375
0.6126
0.56795
0.56752
0.54963
0.5958
0.6847
0.67677
0.74234
0.69826
0.65332
0.66604
0.57513
0.59003
0.61873
0.64444
0.59558
0.58512
0.65508
0.68419
0.57177
0.62108
0.53556
0.46612
0.48288
0.49444
0.61923
0.55897
0.46032
0.5373
0.40972
0.62778
0.63947
0.48729
0.31319
0.53333
0.61687
0.50505
0.61564
0.54
0.52556
0.0
0.60406
0.46389
0.5391
0.41771
0.50794
0.31944
0.74531
0.35294
0.46042
0.50093
0.52738
0.52882
0.4239
0.58333
0.0
0.49242
0.56061
0.0
0.42063
0.51339
0.54188
0.30247
0.6
0.5127
0.66373
0.57245
0.54006
0.5853
0.46667
0.4284
0.5202
0.51304
0.38722
0.52876
0.44709
0.63462
0.65741
0.47619
0.0
0.40354
0.48521
0.46852
0.56169
0.51891
0.47222
0.57985
0.62017
0.58262
0.53333
0.60443
0.64274
0.47475
0.40659
0.46471
0.57917
0.43889
0.52551
0.40278
0.0
0.53941
0.0
0.45139
0.52738
0.31709
0.40556
0.55882
0.54921
0.5
0.40741
0.4619
0.52222
0.55741
0.50323
0.61463
0.53788
0.48684
0.46068
0.59074
0.60556
0.63162
0.48095
0.57567
0.55
0.58949
