0.826
0.95187
0.90907
0.8864
0.84958
1.0
0.92688
0.90213
1.0
0.9198
0.94553
0.86939
0.90414
0.96889
0.88071
0.86635
0.91488
1.0
0.97857
1.0
0.9476
0.91593
1.0
0.83965
0.9203
0.94222
1.0
1.0
0.90931
0.75148
1.0
0.68056
0.88216
1.0
1.0
0.95192
0.93816
1.0
0.82064
0.93719
0.95899
1.0
0.90968
1.0
0.84001
0.82494
0.96178
0.96301
0.97146
0.99467
1.0
0.98316
0.92457
1.0
1.0
1.0
0.88811
0.95362
0.97333
1.0
1.0
0.81308
1.0
1.0
0.84281
0.96127
1.0
0.82775
0.97322
0.9434
0.83745
0.91391
0.93402
0.86435
0.9696
1.0
0.92637
0.82484
0.89081
0.94617
0.93257
1.0
1.0
0.9545
1.0
0.93109
0.81385
0.83704
0.90821
0.96522
0.92356
1.0
0.88378
1.0
0.95963
0.98297
0.84003
0.80442
1.0
0.62904
0.96227
0.79752
0.9473
0.8577
1.0
0.99027
0.93686
0.93863
0.94573
0.80266
0.97435
0.97778
1.0
1.0
0.99091
0.96073
0.96918
0.92435
1.0
0.92184
0.87467
0.839
0.98621
0.93945
1.0
0.87291
0.92884
0.98998
1.0
1.0
1.0
0.96105
0.82497
1.0
1.0
1.0
0.88541
1.0
1.0
1.0
0.97382
0.85736
1.0
0.88855
1.0
1.0
0.85841
0.97792
1.0
0.98367
0.871
0.81067
0.9427
0.92024
0.92685
0.81405
1.0
0.84368
0.99375
0.85173
0.94707
0.9206
0.9252
0.79602
1.0
0.91542
0.85761
1.0
0.8746
0.98408
0.95009
0.95764
0.93905
0.92265
0.8349
1.0
0.94072
1.0
0.96068
0.98994
0.82915
1.0
0.84078
1.0
0.93773
0.85307
0.79734
0.9654
0.93842
1.0
0.96228
1.0
0.80021
1.0
0.98413
0.91244
0.94101
1.0
0.92319
1.0
1.0
0.97209
0.94374
0.92644
0.93978
0.96492
0.96808
0.82771
0.95401
1.0
0.88237
0.88194
0.95284
0.85177
0.93003
1.0
0.85412
0.80545
0.82187
0.97174
0.97696
0.94176
0.43254
1.0
1.0
0.91406
0.96816
1.0
0.92632
1.0
0.87958
1.0
0.98407
0.92714
1.0
0.99253
1.0
0.81961
0.90807
1.0
0.99024
1.0
0.99412
0.95247
0.91406
1.0
0.88853
1.0
0.98231
0.97292
1.0
0.94365
1.0
0.98939
1.0
0.94946
1.0
0.88046
0.85567
0.99429
0.95402
1.0
0.95353
0.90933
0.69737
0.92087
0.899
0.95782
1.0
1.0
1.0
1.0
0.92661
0.94009
0.90555
1.0
0.97834
1.0
0.89883
0.90374
0.98906
0.89144
0.95948
1.0
0.91133
0.82998
0.90234
1.0
1.0
1.0
0.80399
1.0
0.97095
1.0
1.0
0.87513
0.88474
0.80284
0.97594
0.93192
0.91978
0.96551
0.95398
0.96148
0.90682
0.0
1.0
0.84747
1.0
1.0
0.90508
1.0
0.97662
1.0
0.84815
0.8646
0.91366
1.0
0.86685
0.9448
0.8381
1.0
0.95133
1.0
0.97337
1.0
0.94309
0.96846
1.0
0.83854
1.0
1.0
1.0
0.9
0.86015
0.96421
0.99459
1.0
0.99259
0.99437
1.0
0.95374
1.0
0.90876
0.9625
0.77183
0.92014
0.94329
0.93144
1.0
1.0
0.95562
0.98359
0.96483
0.93177
1.0
0.9532
0.88046
0.94119
0.90171
0.94936
0.92104
0.99524
0.90789
0.90095
0.93763
1.0
0.95995
1.0
0.83252
0.91361
0.83111
1.0
1.0
0.90368
0.9223
1.0
1.0
1.0
1.0
1.0
1.0
0.97814
0.95768
0.95003
1.0
1.0
0.99494
0.99247
0.89959
0.87003
0.85084
0.99262
1.0
1.0
0.90908
1.0
0.93927
1.0
0.97048
0.85729
0.90756
1.0
0.92629
0.87066
0.85505
0.84604
0.97942
1.0
0.89327
0.90246
1.0
0.85818
1.0
0.96825
0.7604
1.0
1.0
0.90432
0.89087
0.98294
0.97433
0.967
0.98766
0.91739
1.0
1.0
1.0
0.92551
0.94642
1.0
0.82443
0.96826
0.91878
1.0
0.91813
1.0
0.90479
1.0
0.89837
1.0
0.91812
0.84438
0.9062
1.0
1.0
0.94374
0.86968
1.0
0.97667
1.0
1.0
0.95885
0.90043
0.88626
0.8845
0.95051
0.90685
1.0
1.0
0.94288
0.90415
1.0
0.85677
0.9642
0.96863
0.94222
0.94284
1.0
1.0
0.99731
1.0
0.9313
1.0
0.85544
0.80136
0.95947
0.93094
1.0
0.84517
0.89846
0.96429
0.85399
0.97115
0.91313
0.92095
0.94591
0.90211
0.98269
0.86081
0.86197
1.0
0.97346
1.0
0.95405
0.97106
0.91278
0.92782
0.79287
0.93303
1.0
1.0
0.93188
0.93392
0.92381
1.0
0.93768
0.8604
0.94917
0.89416
1.0
0.90308
0.93956
0.99149
0.90588
0.918
1.0
0.98182
0.90323
0.84417
0.89155
0.92548
0.9723
0.91304
1.0
0.94101
1.0
0.98012
0.82592
0.98605
0.94848
0.82384
1.0
0.98853
1.0
0.97033
0.90392
0.95787
0.83186
0.91805
0.93869
0.84393
0.98919
0.95597
1.0
1.0
0.93592
1.0
1.0
0.95056
0.93078
0.91808
0.98174
0.97102
0.9722
0.91472
1.0
0.96859
0.99747
0.93135
1.0
0.92288
0.93802
1.0
0.97468
0.94873
0.98095
0.9931
0.90779
0.90613
1.0
0.9804
1.0
1.0
1.0
0.84172
1.0
1.0
0.84071
0.94767
0.89494
0.9247
1.0
1.0
1.0
1.0
0.97218
0.725
0.83419
0.95059
0.88286
0.91576
0.92116
1.0
1.0
0.94394
0.91907
0.88274
0.94696
1.0
1.0
1.0
0.90171
0.91517
0.95221
0.92041
0.91369
1.0
1.0
0.96641
0.80266
0.83095
0.90726
0.98333
0.93137
1.0
0.92078
1.0
0.93462
0.9551
0.92403
0.91832
0.89296
0.78199
0.88054
1.0
0.98889
0.82391
1.0
0.8296
1.0
1.0
0.97434
0.9094
0.8717
0.94871
0.95743
0.92577
0.85861
1.0
0.95543
0.95705
0.83678
1.0
0.9942
1.0
0.95329
0.90661
1.0
0.85016
1.0
1.0
0.98602
0.84856
1.0
0.82582
1.0
0.91186
0.97068
1.0
0.80382
0.95019
1.0
1.0
0.95764
1.0
1.0
1.0
1.0
0.86326
0.99085
0.99184
0.92424
0.85467
1.0
1.0
0.94907
1.0
0.95269
1.0
1.0
0.93683
0.88269
1.0
0.92787
0.96894
0.90768
0.98043
1.0
0.87928
1.0
0.92172
0.99184
1.0
1.0
0.77443
1.0
0.81089
0.94384
1.0
0.91355
1.0
1.0
0.8106
0.72222
0.96282
0.90442
1.0
0.89978
0.97137
0.89481
0.92741
0.90295
0.82121
0.92639
0.87753
1.0
0.94936
1.0
0.92339
0.86395
1.0
1.0
1.0
1.0
0.86427
1.0
0.97921
0.95167
0.96128
1.0
0.9239
0.94124
0.92059
1.0
1.0
0.9848
0.96096
0.84637
0.95888
0.94597
0.96745
1.0
0.92158
0.82321
0.95842
1.0
1.0
1.0
0.975
0.95542
0.95162
1.0
0.92918
0.91173
1.0
1.0
1.0
0.93875
1.0
0.94139
1.0
0.55311
0.96684
0.91299
0.93533
0.81642
0.83563
1.0
1.0
0.90605
0.93185
0.90569
0.86726
0.99477
0.96327
0.95527
0.84906
0.97727
1.0
1.0
1.0
0.9641
1.0
0.82992
0.95559
0.86644
0.8649
0.96342
0.99167
0.84056
1.0
1.0
1.0
1.0
0.94359
0.92524
1.0
1.0
0.8521
0.86977
0.94274
0.8748
1.0
0.90686
1.0
0.83402
1.0
0.96841
1.0
0.87712
0.94609
1.0
1.0
0.88453
1.0
0.99228
0.69106
0.86071
0.95935
1.0
0.9321
1.0
0.98833
1.0
0.97377
0.91996
0.95745
0.94152
0.89843
0.97102
0.94833
0.93556
1.0
1.0
0.84458
1.0
1.0
0.92109
0.91328
1.0
0.97278
0.87241
0.99735
0.9181
1.0
1.0
0.91731
0.98165
0.94047
0.99759
0.90387
1.0
0.8438
1.0
0.88019
0.9964
0.96873
0.93435
0.84113
0.8433
0.92017
0.85848
0.90934
0.85059
0.99789
0.79921
1.0
0.90057
1.0
1.0
0.90511
0.89488
0.94135
0.93126
0.9094
1.0
1.0
1.0
0.92688
0.9429
0.8316
0.95471
0.93894
1.0
0.92093
0.89606
0.94746
0.93532
1.0
0.85978
0.91364
0.90255
0.81905
0.87158
0.9523
1.0
0.79999
0.92581
1.0
0.89505
0.86691
0.99545
0.87778
0.61616
0.82469
0.9328
0.95981
0.99556
0.9188
0.9019
1.0
0.90863
0.94935
0.9567
0.64868
1.0
1.0
1.0
1.0
1.0
1.0
1.0
1.0
0.97361
1.0
0.87851
1.0
1.0
0.98182
1.0
0.9476
1.0
0.85463
1.0
0.96123
1.0
1.0
0.79969
1.0
0.96044
0.92174
0.86304
1.0
0.89834
1.0
0.96872
1.0
1.0
0.68635
1.0
0.77151
0.97908
0.98573
0.82172
0.95001
0.91341
0.76341
0.95518
0.80631
0.97165
0.90388
0.87737
1.0
1.0
0.94476
0.90129
0.79595
0.82381
0.98354
0.85613
1.0
0.92273
1.0
0.95653
0.97654
0.88502
0.8955
0.98212
0.89827
0.97611
0.9713
1.0
1.0
0.97722
0.90931
1.0
0.87467
0.94746
0.95552
0.90539
0.99227
1.0
1.0
0.9631
0.99825
0.85379
0.96908
1.0
0.95828
0.84953
0.96409
1.0
0.91673
1.0
0.92581
0.84516
1.0
0.96884
1.0
0.94132
0.86279
0.99196
1.0
0.95843
0.9469
0.96665
0.9872
0.92093
0.99027
1.0
0.82226
0.94508
0.9931
0.78683
1.0
0.83091
0.96286
0.83778
0.90959
0.83828
0.90029
1.0
0.90319
0.81019
0.90834
0.95339
1.0
0.97874
1.0
1.0
0.83493
0.94909
0.929
0.97247
0.98667
0.95912
0.96296
0.98765
0.94425
1.0
1.0
1.0
0.94236
1.0
1.0
0.98539
0.97444
0.88784
0.97449
0.92262
1.0
0.74868
0.93915
0.98213
1.0
1.0
1.0
0.82022
0.95182
0.92994
0.74167
1.0
0.87844
0.92076
0.90975
0.93691
0.90419
0.94101
0.93198
0.95161
0.92218
0.87446
0.87297
0.82725
0.96381
0.82897
1.0
0.96394
0.97836
0.96567
0.91987
0.86781
1.0
0.85996
0.81146
0.89951
0.87305
0.95487
1.0
0.91765
0.0
0.98305
1.0
1.0
0.83654
0.85605
0.85089
1.0
0.8764
1.0
1.0
0.91383
0.92918
0.89536
0.9256
0.99394
0.97728
1.0
0.91775
1.0
1.0
0.92519
0.91175
0.90283
1.0
1.0
0.83205
0.90656
0.97874
1.0
0.94643
0.83287
0.85491
0.90904
1.0
1.0
0.846
1.0
0.96314
0.975
0.8562
0.96515
0.96576
0.9084
0.88891
1.0
0.89082
1.0
0.98091
0.96979
0.94855
0.96615
1.0
0.94573
0.89654
0.81755
1.0
1.0
1.0
0.95102
0.9583
0.95875
0.8901
1.0
1.0
0.91336
1.0
0.98148
1.0
0.83201
1.0
1.0
0.89649
1.0
0.9335
0.87979
0.92476
0.95102
0.6817
0.98545
0.9181
0.93364
1.0
0.83117
0.67982
0.9407
0.83482
0.80963
0.98947
0.90513
0.97631
0.86657
0.84897
0.83153
0.90606
1.0
1.0
0.93904
1.0
0.91288
1.0
0.9417
1.0
1.0
1.0
0.95093
0.90316
0.98947
1.0
1.0
1.0
0.93172
0.0
1.0
1.0
0.82024
1.0
1.0
1.0
1.0
1.0
1.0
0.92723
1.0
0.90857
1.0
0.94554
1.0
1.0
0.93853
0.92843
1.0
0.90397
1.0
0.82518
1.0
1.0
0.93646
1.0
0.95799
0.92938
0.906
0.96965
0.84545
0.97095
0.94646
0.98071
0.93717
0.82676
0.94504
0.93171
0.81458
0.86602
1.0
0.85489
0.83479
0.98834
1.0
1.0
0.98806
0.93751
0.84704
1.0
0.88543
0.95571
0.93211
0.94047
1.0
0.92542
0.89568
0.85247
0.67246
1.0
0.93806
0.91603
0.95202
0.80801
0.85314
1.0
0.75694
0.92717
1.0
1.0
0.99184
0.90703
1.0
0.84714
0.95739
1.0
0.99286
0.90183
0.99613
0.95177
1.0
1.0
0.90344
0.83235
0.94517
0.83204
0.96134
1.0
0.85043
0.9932
1.0
0.91888
0.94688
0.80736
0.84572
0.89709
0.91755
1.0
1.0
1.0
1.0
0.92841
0.89234
0.97631
1.0
0.90941
0.98519
0.89404
0.93882
0.84608
1.0
1.0
1.0
1.0
1.0
0.73078
0.85556
1.0
1.0
1.0
0.98385
1.0
1.0
1.0
0.91201
0.91548
0.95555
0.93556
0.82879
0.91482
0.94159
1.0
1.0
0.94253
0.89907
1.0
0.69632
1.0
1.0
1.0
0.88755
0.88915
1.0
0.98718
0.88407
1.0
0.97004
1.0
0.90436
0.92756
1.0
0.99646
1.0
0.86032
1.0
0.87256
0.82526
0.90206
0.92067
0.99828
1.0
0.98707
0.84844
0.86348
0.88945
1.0
0.86438
1.0
1.0
0.91308
0.91586
0.94514
1.0
1.0
0.82619
0.92454
0.95606
0.89785
0.98476
0.85991
0.89712
1.0
0.91034
1.0
0.95324
1.0
0.9697
0.98808
0.94896
0.99503
0.96451
0.85861
0.91739
0.85768
0.83913
0.99091
0.93914
0.85788
0.96541
0.98448
1.0
0.92099
0.93922
0.97748
0.95718
1.0
0.97475
1.0
0.94623
0.99032
1.0
0.93926
1.0
0.94297
0.99048
0.90926
1.0
1.0
0.96277
1.0
0.77841
1.0
1.0
0.88736
0.95628
0.85668
0.9279
1.0
0.83526
1.0
0.99167
1.0
1.0
0.82706
1.0
0.95666
0.94013
0.95158
0.9873
0.89663
1.0
0.97561
0.86846
1.0
0.88711
0.94905
0.88048
0.98773
0.88547
1.0
0.85795
0.94364
0.89236
0.9452
0.96927
0.94947
0.9531
0.99623
1.0
1.0
1.0
0.9529
0.90218
1.0
1.0
0.9971
0.93854
1.0
1.0
0.9312
0.91332
0.9119
1.0
1.0
0.97961
0.94683
0.94279
0.93712
1.0
1.0
0.85617
0.9932
0.94779
1.0
1.0
0.95848
1.0
0.94464
0.84773
1.0
0.82706
0.86221
1.0
0.94102
1.0
1.0
1.0
0.90654
0.85815
1.0
0.88278
0.99394
0.93863
0.90543
0.99415
1.0
0.89642
0.97801
0.86619
1.0
0.98461
0.91709
0.87144
1.0
0.89659
0.83046
0.89869
0.85626
1.0
1.0
0.97718
0.96839
0.8441
0.96137
0.98947
0.83143
0.95036
0.94645
1.0
0.92242
0.92028
1.0
0.79566
0.90353
0.92007
0.9709
0.92943
0.95621
0.89812
1.0
0.83135
0.94688
0.95014
0.93593
0.92237
0.91698
1.0
0.91221
0.92098
0.97644
0.9672
0.92155
0.89155
1.0
0.91659
0.83572
0.98571
1.0
0.98773
0.47222
0.92873
0.94366
0.9854
0.88599
0.82098
0.90457
0.93825
1.0
0.93284
0.94119
0.9901
0.91346
0.67549
0.86604
0.86746
1.0
1.0
0.85816
1.0
0.9932
0.96798
0.93298
1.0
0.92561
1.0
1.0
0.97807
0.95294
1.0
0.92325
0.96444
1.0
0.93381
0.88358
0.84119
0.83739
1.0
0.97633
1.0
0.98735
1.0
0.96259
0.87516
1.0
0.94038
0.8962
0.93981
0.94556
0.97867
0.86894
1.0
0.90493
1.0
0.84223
0.86562
1.0
0.83902
1.0
0.68221
0.99459
1.0
0.91229
0.92365
1.0
0.97845
0.83867
0.93442
0.88847
0.92652
1.0
0.86366
0.98115
0.91785
0.98093
0.92407
1.0
0.78365
1.0
0.94676
0.9885
1.0
1.0
0.82186
1.0
0.91062
0.82583
0.88353
1.0
0.90244
0.88888
1.0
1.0
1.0
0.95488
1.0
0.93075
1.0
0.92294
0.90953
0.90949
0.96146
0.97681
1.0
0.87619
0.8609
0.96477
1.0
0.88474
0.94714
0.85009
1.0
0.58416
0.90355
0.85738
0.96739
1.0
0.94459
0.98657
0.84134
0.91669
0.83042
0.93614
1.0
0.90456
1.0
0.84342
0.78452
0.95845
0.93013
0.92874
0.825
1.0
0.87179
0.7415
1.0
0.83168
0.95808
0.8129
1.0
1.0
0.96817
1.0
0.92089
1.0
0.93986
0.98462
1.0
1.0
0.92902
0.93511
0.93686
0.8779
0.9247
0.97574
0.8914
0.85176
0.84001
0.97088
0.81623
0.90984
1.0
0.97222
0.96784
0.95428
0.80236
0.92334
0.84199
0.80548
0.80417
0.97048
0.91832
0.7893
0.82251
0.9975
1.0
0.91262
0.85173
0.93517
0.88316
1.0
1.0
0.80915
0.92182
0.66667
0.98764
0.97922
0.97333
0.86036
0.813
0.81949
0.87628
1.0
0.93089
0.79957
0.80492
0.92311
0.9764
1.0
0.90953
1.0
0.98965
0.98148
0.9908
1.0
0.83222
1.0
0.97947
0.91452
0.95395
1.0
0.87799
0.9587
0.8219
0.97531
1.0
1.0
0.85196
0.84015
0.99266
0.99783
0.86582
0.95553
1.0
0.90252
0.90579
0.93553
1.0
0.50535
1.0
0.69841
1.0
0.85892
1.0
0.95247
1.0
0.86378
1.0
1.0
0.91379
0.91628
0.91609
0.88987
0.8562
0.93011
1.0
1.0
0.96511
0.92229
0.93628
0.73866
0.9169
0.89359
0.9213
0.95088
0.89923
0.97908
0.83344
0.9737
1.0
0.96626
0.95159
0.91897
0.93047
1.0
0.90787
0.86541
0.95779
0.80823
0.94488
0.92542
0.95754
0.94949
1.0
0.99841
1.0
1.0
0.96141
0.87639
0.81537
1.0
0.9335
1.0
0.8889
0.97851
0.88177
0.94608
1.0
0.96729
1.0
1.0
0.83136
0.94361
0.84364
0.98039
0.98032
0.9638
1.0
1.0
0.81097
1.0
0.99242
0.93979
1.0
0.92276
0.83265
0.97831
1.0
0.9875
1.0
0.6286
1.0
0.97923
0.99
0.87301
0.98456
0.93583
0.91333
0.91209
1.0
1.0
0.87585
0.89344
0.82277
0.82426
1.0
0.82699
0.91287
0.96519
0.94653
0.94573
0.86222
0.92516
1.0
1.0
1.0
0.92076
0.88143
0.96816
1.0
0.90728
0.99167
0.88571
1.0
0.9382
0.85867
0.94909
0.83337
1.0
0.87261
0.877
1.0
1.0
0.79973
0.91248
0.96949
0.0
1.0
1.0
1.0
0.94674
1.0
1.0
0.92617
0.94302
0.95521
0.98139
0.98026
0.98714
0.98095
0.96691
1.0
1.0
1.0
1.0
1.0
1.0
1.0
0.93434
0.90282
1.0
0.80959
0.93039
1.0
1.0
0.85899
1.0
0.98261
1.0
0.85496
0.90536
1.0
0.92579
0.91806
1.0
0.92386
0.91018
0.9298
0.8899
0.9115
0.95038
0.92797
1.0
0.91395
0.98925
0.94937
0.84575
0.83865
0.90207
1.0
0.90277
1.0
0.99121
0.94368
1.0
0.84465
0.91617
0.776
0.83159
1.0
1.0
0.90613
1.0
0.98454
0.88866
0.86189
0.86825
1.0
1.0
1.0
0.91078
0.86417
0.89689
1.0
1.0
0.95074
0.88636
0.90979
0.80689
0.84243
0.99279
0.97917
0.86788
0.95466
1.0
1.0
1.0
0.99512
1.0
0.92016
1.0
0.99487
0.77594
0.87232
0.91464
0.85018
0.85355
0.94614
0.95426
0.86647
0.96464
0.69596
1.0
0.99778
0.87461
1.0
0.95845
0.91878
0.92574
0.88895
1.0
0.90728
0.84317
0.86862
0.85235
0.91353
1.0
1.0
0.95079
1.0
1.0
0.97287
0.92762
0.93278
0.90907
1.0
1.0
0.86497
0.99455
0.94494
0.8991
0.88432
1.0
0.89684
0.91411
1.0
1.0
0.98133
0.95699
1.0
0.90419
0.94775
0.98291
0.96784
1.0
1.0
0.96544
1.0
0.99111
0.94207
1.0
0.82882
1.0
1.0
0.89712
0.98063
1.0
0.91602
1.0
0.87292
1.0
1.0
1.0
0.95019
0.9601
0.98059
0.73478
0.84131
0.84852
0.85121
0.9049
0.89472
0.92794
1.0
0.97902
1.0
1.0
0.9692
0.89582
0.87433
1.0
0.93627
1.0
1.0
1.0
0.9135
0.96093
1.0
0.99259
1.0
0.92969
0.94736
0.0
0.81798
0.99208
0.9556
0.93813
0.9203
0.98183
0.88896
0.95199
0.93162
0.98889
0.76444
0.81528
0.81794
0.95337
0.98317
0.91429
1.0
1.0
0.91474
0.93401
0.81982
0.91862
0.90222
0.90095
0.87703
1.0
0.94663
0.99033
0.9914
0.92769
1.0
1.0
0.97531
0.84232
0.93026
0.84843
0.92104
0.9307
0.93586
1.0
0.98889
1.0
0.84413
1.0
0.97923
1.0
1.0
1.0
0.91923
0.91332
1.0
0.96687
0.86621
0.90879
0.91389
0.92803
0.94401
0.91772
1.0
1.0
0.95906
1.0
0.90522
0.91726
1.0
0.94041
1.0
1.0
0.99565
0.93241
0.96825
0.86326
1.0
1.0
1.0
0.94158
0.94272
0.95834
1.0
1.0
1.0
0.93975
0.91978
0.91535
0.88008
0.94693
0.88201
1.0
0.89133
0.97531
0.90914
0.91283
0.98925
0.9158
1.0
1.0
0.93424
1.0
0.96936
1.0
0.90767
0.81205
1.0
0.84783
0.93216
0.97252
0.94661
0.85963
1.0
0.85568
0.998
1.0
0.99359
0.86739
0.93761
1.0
0.95718
1.0
0.90566
1.0
0.99238
0.95244
1.0
0.94821
0.94125
0.78647
0.79028
0.92944
0.93254
0.90793
0.85078
0.91827
0.9899
0.96675
0.91556
1.0
1.0
1.0
0.98168
1.0
0.92948
0.96364
1.0
0.98393
1.0
0.91783
0.91234
0.8487
1.0
0.90239
1.0
0.86653
0.94698
0.93962
0.92734
1.0
0.95802
1.0
0.99365
0.98269
0.9176
1.0
1.0
0.92226
0.83393
0.91919
0.77746
0.96842
0.90839
0.92617
1.0
1.0
0.89006
0.98106
0.96454
0.94956
1.0
1.0
0.85148
1.0
0.94005
1.0
0.90772
0.83729
0.97977
0.92365
0.9709
0.84839
1.0
0.94088
0.9771
0.99394
0.91954
1.0
0.82823
1.0
0.97655
1.0
1.0
0.86326
1.0
0.92778
0.97895
0.91024
0.90147
0.84937
0.96527
0.92498
1.0
0.8765
0.75216
0.88265
1.0
0.94841
0.99623
0.98031
1.0
0.9572
1.0
0.86933
0.8539
1.0
0.93726
1.0
0.88599
1.0
1.0
0.93703
0.7729
0.90661
0.99121
1.0
1.0
0.92425
0.96435
1.0
0.94121
1.0
0.88894
0.95149
0.98507
1.0
1.0
1.0
0.84272
1.0
0.98595
1.0
1.0
0.86932
0.89545
0.97556
1.0
0.89705
0.98045
1.0
0.81614
1.0
0.90679
1.0
1.0
1.0
0.7763
0.97817
1.0
0.91159
1.0
0.93782
0.9438
0.99394
0.95363
0.8777
1.0
0.96483
